0 0.144999028125 0 0.143504675 0.0059935203125 0.1411059046875 0.0403663609375 0.14766119687499998 0.0718289171875 0.1515424421875 0.0851392984375 0.17771676875 0.136921778125 0.20024347968749998 0.1620808921875 0.2179205875 0.1736881859375 0.23220973749999999 0.18650788125 0.2532748 0.1969027734375 0.28093219375 0.2050354140625 0.2991849125 0.206953853125 0.285949759375 0.19373543437500002 0.2692410125 0.1823695796875 0.23703851875 0.1671407 0.21160933437499999 0.14537214375000002 0.1997397796875 0.131098609375 0.1977926484375 0.11415623125 0.19342852500000002 0.10278256875 0.1897861171875 0.084388953125 0.188796934375 0.051228515625000005 0.1909646796875 0.0342835328125 0.1970032578125 0.014189434375 0.2035055765625 0 0.144999028125 0
2 0.4051521109375 0.21467598125 0.4057553875 0.2089362 0.3795341546875 0.21456496875000003 0.353522553125 0.1962253703125 0.332931159375 0.24192285937500002 0.3428922703125 0.24296981406249998 0.3726370578125 0.2253248953125 0.395210053125 0.244490025 0.395947934375 0.2444124703125 0.4051521109375 0.21467598125
1 0.24961485312499998 0.2348921140625 0.30974599999999997 0.21908807343749997 0.3197504109375 0.204781034375 0.304956053125 0.20174562968749998 0.3400588203125 0.1762816921875 0.34099679374999997 0.16735747031249998 0.3383323359375 0.167077425 0.3019484046875 0.1875291421875 0.2834015359375 0.1952361859375 0.2527685609375 0.20409897031250002 0.23065710312499998 0.20555410937500002 0.186065175 0.1994346171875 0.17254909062499998 0.22820823906249998 0.228642446875 0.23410388750000002 0.24961485312499998 0.2348921140625
1 0.459375 0.190185478125 0.453363975 0.1868186140625 0.40599115 0.169508790625 0.386050625 0.1889237046875 0.38548505624999996 0.1943047390625 0.395876090625 0.20996522031249998 0.44886118750000004 0.2383965296875 0.451114084375 0.23863331875 0.459375 0.21949147343750003 0.459375 0.190185478125
1 0.7349003187500001 0.277793278125 0.7424057515625 0.28069314843750004 0.7484547421875 0.27705855 0.754745171875 0.2724555890625 0.7597080796875 0.2657191765625 0.7606939984375 0.256338784375 0.732361015625 0.248616790625 0.7196548703125 0.2472813203125 0.7172128 0.249726484375 0.7361023078125 0.2647217328125 0.716986978125 0.27538409375 0.7159429796875 0.28314669062500003 0.718487925 0.283414175 0.7349003187500001 0.277793278125
1 0.7127473484375 0.25439196875 0.7127579296875 0.2544926375 0.7516469015625 0.2617616171875 0.7832020421875 0.2650781953125 0.77157334375 0.25227772187499997 0.8003062484375001 0.2392227578125 0.8268424453125001 0.24345819999999999 0.8321717468750001 0.23687705937499998 0.8336283671875 0.23507828125 0.8338250421875 0.2332070515625 0.78678035 0.21555685468750002 0.761811946875 0.207142628125 0.753192075 0.211059115625 0.7189242234375 0.2096433046875 0.7176693875 0.2167997015625 0.7494812281250001 0.22349115625 0.740336759375 0.2415118 0.7127473484375 0.25439196875
0 0.7188579765625001 0.29662845312499997 0.726335240625 0.3041544015625 0.72753060625 0.30478898593750003 0.73043191875 0.3050939265625 0.7311321859375 0.298431328125 0.7271010296875 0.2932031 0.721475678125 0.28780753125 0.712933225 0.2812075390625 0.7096680390625 0.28498097968749997 0.718488959375 0.28759867968749997 0.7221927812500001 0.291859440625 0.7188579765625001 0.29662845312499997
0 0.7015310875 0.3890625 0.691895940625 0.36160889687500003 0.6811740203125 0.339798909375 0.6725372999999999 0.326782384375 0.6667330921875 0.320456559375 0.6626901468749999 0.32179441249999996 0.6625688390625 0.3229485703125 0.6667155375 0.32850270312499996 0.67881045625 0.3451166140625 0.6831200374999999 0.35564795 0.6858309265625 0.3613480890625 0.6897756296875001 0.36890773125 0.6914783953125 0.38277564218750004 0.6896520625 0.3890625 0.7015310875 0.3890625
0 0.9900200625 0.3890625 0.9899540515624998 0.3886860390625 0.9864518453125001 0.37426892500000003 0.9818527828124999 0.3607400265625 0.9746933875 0.34292802187500004 0.957450646875 0.3160282046875 0.938276490625 0.2979569 0.9142439703124999 0.278371459375 0.8894812109375 0.265733775 0.8750104390625001 0.2601988296875 0.8640925328125 0.2590513125 0.8591298484375001 0.2585297125 0.8615858609375 0.26380535625 0.8760566328125 0.2693403015625 0.8786169656249999 0.2736234078125 0.8884380125 0.27565914375 0.9037970031250001 0.2822909453125 0.9281424843749999 0.298898775 0.9437637703124999 0.3125826546875 0.9487801125 0.3221414046875 0.9535341578125 0.3246480765625 0.9501392687500001 0.3283052640625 0.9529082390625 0.330603296875 0.967641309375 0.3431903203125 0.9783535718749998 0.36538975156250003 0.9833072125000001 0.3890625 0.9900200625 0.3890625
1 0.14571452812500002 0.48060066093750003 0.1481709625 0.4808588421875 0.2159594796875 0.46486334218750003 0.231623325 0.45060537343749996 0.23220284531250002 0.44509160937500003 0.214723653125 0.4244415109375 0.210845009375 0.41524600468750006 0.20164690156249998 0.415009771875 0.1796317015625 0.433177565625 0.1793980703125 0.44649055000000004 0.14622038125 0.47091178906250003 0.1453098171875 0.47957522187499996 0.14571452812500002 0.48060066093750003
0 0.7008634140625001 0.6256429578125 0.71927004375 0.6425749234375 0.7338136484375 0.6750006359375 0.736731740625 0.6962993281250001 0.7302450625000001 0.737115078125 0.7310329765625 0.737197890625 0.7336060468750001 0.7294623703124999 0.74427135 0.6946055703124999 0.7446405234375 0.6910931171875 0.74324018125 0.653694134375 0.7366848890625001 0.6222315765624999 0.7231096406249999 0.5900473046875 0.7011621015625 0.5596654937500001 0.6997262656250001 0.55951458125 0.7015512890625001 0.5651296312499999 0.7039760906250001 0.571905540625 0.7088230921875001 0.5813424875 0.7114893328124999 0.5871500375 0.7112531000000001 0.5963481453125 0.708353228125 0.6038535796875 0.706426921875 0.6198302015625 0.7008634140625001 0.6256429578125
0 0.479189153125 0.8280927453124999 0.4769613875 0.8283268921874999 0.5338808375 0.83430936875 0.5879509234375 0.8126474171875 0.6155363125 0.788674546875 0.6331963328125 0.7657448796875 0.637293396875 0.7557555796875001 0.63747025625 0.7540728671875 0.623369075 0.7525907734375 0.6020074140625 0.7840754859375 0.592603646875 0.79008136875 0.5788631109375 0.8025640703124999 0.5631911625 0.8062182609375 0.5474685499999999 0.7998427625 0.5408874109374999 0.7945134609375 0.5129890625 0.8155087171875 0.479189153125 0.8280927453124999
2 0.7509562296875 0.7438172796875 0.7067800953125 0.7523493875 0.7065070609375 0.7549471359375 0.7542260125 0.8480419390625 0.7594785296875 0.8485940015625001 0.7828235453125 0.8210926140625 0.7830645281249999 0.8187998171875 0.7509562296875 0.7438172796875
1 0.71352405 0.83766576875 0.71423399375 0.8309111015624999 0.6957754703125 0.8196924828124998 0.6933112749999999 0.8132851500000001 0.687457134375 0.8126698546875 0.6740005968749999 0.8143221078125 0.6552312625 0.8498081546874999 0.69087595625 0.8696635 0.696146140625 0.8702174187499999 0.71352405 0.83766576875