2 0.7249008828125 0.2502947484375 0.7245142125 0.24874389687499998 0.717238203125 0.24038449375 0.7114566578125 0.23059921249999998 0.7064896890625001 0.23183761718749998 0.6963498140625 0.2521477453125 0.6676041609375 0.2594619046875 0.6679713984375 0.260934815625 0.707321096875 0.27704755 0.7101586703125 0.2763400625 0.716065296875 0.2622637546875 0.7249008828125 0.2502947484375
1 0.7670741046874999 0.26008912500000003 0.7276310453125 0.2421523578125 0.70339864375 0.285222209375 0.7181628640625 0.2866838578125 0.7605136046875 0.29978143125 0.7808569515625 0.2823665875 0.7670741046874999 0.26008912500000003
1 0.55 0.3191070265625 0.5511274421875 0.31804489999999996 0.57074126875 0.305954728125 0.5898722140625 0.2919278390625 0.636836325 0.282275484375 0.6646772984375 0.27430539375 0.6630002390625 0.24695250624999998 0.6436382640625 0.2435515359375 0.5707646953125 0.26892085312499997 0.55 0.28322195781250004 0.55 0.2961317015625 0.5598556875 0.29529757343749996 0.55 0.301077453125 0.55 0.3191070265625
0 0.2352330953125 0.4 0.2282180515625 0.405885196875 0.21011592812500002 0.43190997812500004 0.1934408234375 0.46952860625000004 0.1865302859375 0.49993176874999995 0.18450203437499998 0.5267271921875001 0.1866240203125 0.54352179375 0.1961946453125 0.5819074750000001 0.2123604046875 0.6099801312500001 0.22543208906249998 0.6268415828125 0.24702767187500002 0.6494406671874999 0.2703678296875 0.6666705015625001 0.2990433546875 0.6811818281249999 0.33481576562500004 0.6898369390625 0.3713927 0.6868812656250001 0.3787340203125 0.6863189421875 0.3817780171875 0.6855599890625 0.361543428125 0.68293903125 0.3374326265625 0.681783065625 0.29892476874999996 0.6655610453125 0.267899121875 0.6354458734375 0.2456641078125 0.58741061875 0.2324399578125 0.5504653015625001 0.22732050625000003 0.52283146875 0.231093334375 0.4906667921875 0.24375844062500002 0.45397127499999995 0.2667767296875 0.4288018390625 0.288503525 0.40989088125000006 0.31190213125 0.4 0.2352330953125 0.4
0 0.3824802140625 0.4 0.40452668750000004 0.40677843124999996 0.42603756875 0.41821981093750005 0.44716312656249996 0.437698125 0.460167046875 0.445633415625 0.47142639218750004 0.4589379546875 0.4871996421875 0.478903234375 0.49810754687500003 0.5047077890625 0.49956844218749996 0.5207647171875001 0.5054754796875 0.5345562218750001 0.5082278671875 0.544354671875 0.50918485625 0.5528277484374999 0.5048403609375 0.5684824140625 0.49958969375000006 0.5823586234375 0.485967596875 0.6105810625 0.46912308437499994 0.6258842859375 0.45733026250000003 0.65989518125 0.4566149140625 0.6640067046875 0.4578000390625 0.6634028546875 0.4848116296875 0.634691865625 0.5007669109374999 0.619841725 0.5073090703124999 0.5997070390625 0.520143584375 0.585326925 0.528413375 0.55759145 0.53213538125 0.51873215 0.5309920453125 0.48571212812500003 0.52271794375 0.454085240625 0.5061433015625 0.4196871265625 0.502832559375 0.41318943125 0.4909281640625 0.4 0.3824802140625 0.4
2 0.42024665156249996 0.6902366875 0.39555740156249997 0.6902210703125 0.398439053125 0.7265306296875 0.4226558359375 0.7081500281249999 0.4366931390625 0.710821475 0.46549205625 0.7190694453124999 0.43744088124999997 0.6766926765625 0.42024665156249996 0.6902366875
1 0.5209533859375 0.66924190625 0.5086165703125001 0.6568894703125 0.49749475624999995 0.6370342078125001 0.49204215937500007 0.6368490015624999 0.44252671875000005 0.6723389656250001 0.4669485 0.712534975 0.5209533859375 0.66924190625
1 0.287607496875 0.6821650828125 0.26340633125 0.675856434375 0.2266347171875 0.6438823656249999 0.259037003125 0.695459846875 0.2861354375 0.7133888046875001 0.34252608125 0.7250429515625 0.390936221875 0.725315625 0.39628171874999996 0.6931261484375 0.3539231703125 0.6923731984374999 0.3154354546875 0.6947693687500001 0.30721091093749997 0.6865344125 0.287607496875 0.6821650828125
2 0.9406399046875 0.7010943765625 0.9360120875 0.6825332171875 0.908737728125 0.6430714656250001 0.9014521515624999 0.6448879640625 0.867423003125 0.678702659375 0.868451134375 0.6828262703125001 0.930513584375 0.7104330765625 0.9338560015624999 0.7095997171875 0.9346658109374999 0.7091870984374999 0.9406399046875 0.7010943765625
1 0.9209107937500001 0.681292421875 0.90370355 0.7154108078125001 0.9126498078124999 0.730665715625 0.9266897125 0.7292222859375 0.9402545468750001 0.7134975156250001 0.9782515765625 0.721509253125 0.94172400625 0.68638866875 0.9209107937500001 0.681292421875
1 0.867671871875 0.661652565625 0.8681573531250001 0.659474409375 0.8354797921875001 0.6604219453125 0.7955382359375001 0.665237709375 0.7965039921875 0.6691111453125 0.8478192109375 0.668659503125 0.873946684375 0.6909447765625 0.867671871875 0.661652565625
0 0.8465807812499999 0.713196209375 0.8124493796875001 0.716563340625 0.8146223296875 0.725278571875 0.8531152515624999 0.714652653125 0.8465807812499999 0.713196209375
0 0.9172268875 1 0.9349995203125001 0.9853181062499999 0.9553454703125001 0.9637883859375 0.9735184703125 0.933543434375 0.9851569984375 0.901842040625 0.9876052265624999 0.8580322562500001 0.9791600687500001 0.815909940625 0.9702164109375001 0.7965401562500001 0.9624799515625 0.7820121703125 0.9525627312499999 0.771113575 0.951108890625 0.7735331703125 0.9561869203125 0.781524084375 0.9508518359375 0.7972540625000001 0.9510880687500001 0.8064521718750001 0.9554313671875001 0.8279975078125 0.9573524687500001 0.85220388125 0.9488604546874999 0.8841493171875001 0.9350411671875 0.9194801046875 0.9217151687499999 0.9402881109375001 0.8989470171875 0.9644788640625 0.869649603125 0.978983425 0.8449551468750001 0.9871975578125 0.8234124125000001 0.9874259828125 0.7943694499999999 0.9823245281249999 0.7694465703125 0.9689959265624999 0.7454972546875 0.9471961359375001 0.7319558453124999 0.92588703125 0.7213247203125001 0.8956238593750001 0.7201279375 0.8743225656250001 0.7213559546875 0.846245359375 0.7322675640625 0.8157537640625 0.7489867234375 0.787928409375 0.7557756484375 0.7697788359375 0.7582030546875 0.7588880515625 0.750697621875 0.761787921875 0.74318698125 0.77291754375 0.7160625171875 0.7961373359375 0.7095306499999999 0.7905660171875001 0.699595209375 0.8084715499999999 0.6942627265625 0.8200866515625 0.685046396875 0.849127009375 0.6813987828125 0.875750375 0.683314678125 0.9081864968750001 0.6881408546875 0.931668553125 0.7002284234375 0.955397253125 0.7154625078125 0.9793699953124999 0.7352995515625 0.9970523078125 0.7407517765625 1 0.9172268875 1