0 0.340031921875 0.326821334375 0.34174008125 0.326880984375 0.355386203125 0.3244195484375 0.3845753578125 0.2954512609375 0.39711086562500003 0.292644678125 0.4051239 0.28703389218750003 0.4226966484375 0.284112125 0.436492059375 0.2855412421875 0.4350041625 0.28828904375 0.44639732656250003 0.3033419828125 0.47919460156250004 0.2880539234375 0.51920575 0.2830683359375 0.5402714375000001 0.28878955624999997 0.546112484375 0.29050204687500003 0.5461379843749999 0.2897718234375 0.5178306609375001 0.273795396875 0.476157653125 0.2654439328125 0.4264152046875 0.26871363125 0.39235802343750004 0.2797659921875 0.3734125625 0.2904728 0.356241771875 0.302495915625 0.3402843078125 0.3195939171875 0.340031921875 0.326821334375
0 0.5796875 0.5 0.5796875 0.4039722140625 0.572658953125 0.4318461375 0.57086455625 0.4631984828125 0.5773465671875 0.4979520125 0.5782328390625 0.5 0.5796875 0.5
1 0.5796875 0.2430127453125 0.5705331234375 0.2514970609375 0.5660213328125 0.2690946609375 0.5766882765625 0.295999246875 0.5796875 0.29610398125000004 0.5796875 0.2430127453125
1 0.751974621875 0.2551476046875 0.7552200671875 0.242033853125 0.7561468109375 0.2154954015625 0.728845115625 0.2269879859375 0.668856596875 0.23146118124999998 0.6693149609375 0.2345521609375 0.6706900484375 0.2438251015625 0.7099584343750001 0.24874240468750003 0.7278761859375 0.2743316015625 0.74294194375 0.274857709375 0.751974621875 0.2551476046875
1 0.226665834375 0.5638640921875 0.24232509375000003 0.58973494375 0.2452690390625 0.5898377484374999 0.27809101875 0.5756951499999999 0.2784634578125 0.56502986875 0.2767514609375 0.5586481359375 0.226665834375 0.5638640921875
0 0.21322969062500002 0.7525888999999999 0.213414634375 0.75171880625 0.20750355156250003 0.7389669249999999 0.2045332765625 0.7408958453125 0.204273625 0.7421174078125 0.20776141093749997 0.7526904562500001 0.21245695312500001 0.7528544281249999 0.21322969062500002 0.7525888999999999
3 0.20120580625 0.8074570812499999 0.20102988281249998 0.812494865625 0.201064059375 0.81273803125 0.2194333859375 0.8265803140625 0.2227396484375 0.826695771875 0.225563071875 0.8262989640624999 0.22569894218750003 0.8224081453125001 0.20120580625 0.8074570812499999
0 0.5796875 1 0.584674784375 1 0.5831403484375001 0.9872424468750001 0.5874864796875 0.956903821875 0.5945240078125 0.9340634640625 0.6047677015625 0.915801984375 0.6136386843749999 0.9053255453125001 0.6138666781250001 0.8983420437499999 0.6167860671875001 0.8988568109375 0.630579103125 0.8832279484375001 0.6536450765625 0.8662239984375001 0.674250025 0.8517962578125001 0.6859877546875 0.8505738812500001 0.6863606140625 0.8398965687500001 0.6638887734375001 0.84796251875 0.6325229875 0.8665131468749999 0.60756953125 0.8942215296875 0.587940090625 0.925878840625 0.5796875 0.951902740625 0.5796875 1
0 0.8297022453124999 0.839588509375 0.8362185312499999 0.838373134375 0.8443259624999999 0.8382741843750001 0.8445177265625 0.8327828109375 0.8445025031250001 0.8327822796875001 0.8254976656250002 0.8363269421874999 0.8129313171874999 0.84187081875 0.8128802203125 0.843334059375 0.8136840484375 0.8437491218750001 0.815528871875 0.8442781171875 0.8194464937499999 0.8444149234375 0.8307848640625 0.8429828390624999 0.8297022453124999 0.839588509375
0 0.85509254375 1 0.8553523937499999 0.9978226328125 0.8589056609375 0.97635310625 0.8624823328125 0.9690316078125001 0.8706629015624999 0.9495558609374999 0.8774053453124999 0.936845959375 0.886286334375 0.9235804046875 0.8866972265624999 0.92164730625 0.8897182406249999 0.9121872625 0.896049790625 0.9014104609375 0.901704321875 0.8985714953125001 0.9027315546875 0.8937387515624999 0.9134849578124999 0.885922278125 0.9178057578125 0.8831163171874999 0.918001828125 0.8775015671874999 0.9061027750000001 0.8873838 0.887640378125 0.9077047281249999 0.870966315625 0.9243649062500001 0.8528775265625 0.9619389515625001 0.8524032828125 0.96514136875 0.8511859921875 1 0.85509254375 1
1 0.82656986875 0.8085350234375 0.8359647890625 0.8090783625 0.8360961390625 0.8053170015625 0.835805034375 0.8032456906250001 0.8180376125000001 0.7958986984375 0.81158409375 0.7956733375 0.7834089437499999 0.799633096875 0.803222775 0.812814096875 0.7839433015624999 0.8291040531250001 0.793898890625 0.829451709375 0.8001179390625 0.826222546875 0.8122728171875 0.8275078484374999 0.8202544140625001 0.8203989890625 0.82656986875 0.8085350234375
1 0.772377359375 0.8042658109375 0.7844002718749999 0.7997419359375 0.796526640625 0.7922554421875001 0.79564255625 0.789258334375 0.8302064703125 0.7904653328125001 0.828438303125 0.7844711203125 0.8000755187499999 0.7755707125 0.8070227859375001 0.774824571875 0.806138703125 0.771827465625 0.7796820265625 0.7649711109374999 0.75894368125 0.7642469109375 0.749033790625 0.7648895953125 0.743854690625 0.7716299484375 0.7386755890625001 0.778370303125 0.744014575 0.795365403125 0.7247340234374999 0.8095232796874999 0.7166957578125001 0.8131975562499999 0.7244236515625 0.81841114375 0.740362240625 0.8150127515625 0.7590910203125001 0.8166555203125 0.7788418265625 0.8173452328125 0.77795774375 0.8143481265625001 0.7741110390625 0.8112475640625 0.772377359375 0.8042658109375