0 0.344353121875 0.123509625 0.346711765625 0.12944875625000002 0.3459944625 0.1386218953125 0.3427057625 0.1459652765625 0.33994594375 0.1618191875 0.33408584375 0.16733280625 0.351581096875 0.185204896875 0.3644077390625 0.218347321875 0.36620714374999996 0.239769546875 0.357462959375 0.2808011328125 0.35813366874999997 0.2809315046875 0.3613501171875 0.2727235546875 0.3701736828125 0.248497834375 0.374381278125 0.2347354046875 0.37493645 0.19756336875 0.3700367625 0.1658008515625 0.358164515625 0.1329502125 0.338156690625 0.1019564421875 0.33775642031249997 0.1018786375 0.3372634 0.10441500625 0.3379397984375 0.1069384109375 0.3400066546875 0.1138319390625 0.344353121875 0.123509625
0 0.424965728125 0.3796875 0.4213844265625 0.37619828437499997 0.4121959890625 0.3698678734375 0.3899567671875 0.334492371875 0.37851395625 0.3298607546875 0.37303701562499997 0.3216277546875 0.37233535156249997 0.32523750156250003 0.3816657984375 0.3504599578125 0.3985148265625 0.3739919828125 0.40462422656249997 0.3796875 0.424965728125 0.3796875
2 0.285836321875 0.2714983265625 0.2396515671875 0.328164559375 0.23672269375 0.34323231249999997 0.248583090625 0.3694674234375 0.254179540625 0.3705552640625 0.3272751453125 0.2925500203125 0.285836321875 0.2714983265625
1 0.34526593125 0.3796875 0.3405020875 0.370617496875 0.3419260421875 0.36251186875 0.32776680625 0.35620777187499997 0.32360915156250003 0.35539960625 0.2910187140625 0.3750785578125 0.290752959375 0.3764457484375 0.29261559375 0.3796875 0.34526593125 0.3796875
2 0.6316104328125001 0.332699278125 0.6345902406249999 0.33327849375 0.6454262265625 0.328956496875 0.6461090375 0.3254437375 0.6124750171875 0.25735121250000004 0.6110541781250001 0.2570750296875 0.5983201078125 0.26178569375 0.5897840000000001 0.2630917875 0.5893274484375001 0.26544054687499996 0.6316104328125001 0.332699278125
2 0.33362552343749996 0.7424054765625 0.3282331859375 0.7589787171875 0.32133338125 0.7944751343750001 0.335280275 0.7971861359375 0.3732786203125 0.800447246875 0.3470160140625 0.7437528578125 0.3393470078125 0.7422621546875 0.33362552343749996 0.7424054765625
1 0.291447390625 0.7329000734375001 0.28840774375 0.7345759671875 0.28799663125 0.736690959375 0.3065204203125 0.764536125 0.30852339687499997 0.7649254640625001 0.3290505390625 0.759348903125 0.347085528125 0.7457585640625 0.37153804375 0.7214632 0.3701378 0.7211910203125 0.3419731265625 0.7319385078125 0.3277043359375 0.7259019140625 0.29987725625 0.7159441984375 0.291447390625 0.7329000734375001
1 0.4524480765625 0.784963759375 0.4495194890625 0.78434126875 0.4165836140625 0.8048886328125 0.3747781046875 0.806134475 0.37452975781250003 0.8074121078125 0.3745507671875 0.8080030359375 0.40781614375 0.8144691703125 0.4461618859375 0.8193380890625 0.4524480765625 0.784963759375
0 0.41045699999999996 0.7536035453125 0.4104119609375 0.753835253125 0.4281964109375 0.7627196234375 0.4543710609375 0.767807459375 0.45446649843750003 0.7668279546875001 0.41045699999999996 0.7536035453125
0 0.56875 0.4868168421875 0.54706375625 0.475431675 0.5196055296875 0.46501091875 0.4970731703125 0.46063107187499996 0.4696699984375 0.46038785156250006 0.43995415937500004 0.46681187812499997 0.413204853125 0.47889595625 0.3880340265625 0.49332022656249996 0.3650680171875 0.51732321875 0.3510819203125 0.5369716296875 0.3412324484375 0.5614908546875 0.3344848828125 0.5805129265625 0.3295062234375 0.6008955234375 0.329643859375 0.626339359375 0.3299719234375 0.6508035296875001 0.336694225 0.6632937296875 0.3481497015625 0.6462034640625001 0.3500264546875 0.63131801875 0.3543787765625 0.603696890625 0.3716296796875 0.5724828953125 0.392445925 0.5490787125 0.4197114609375 0.5238780953125 0.44450143124999997 0.5114131625 0.4704890265625 0.5032477546875 0.492993859375 0.5025388359375 0.5319901453125 0.511135628125 0.555176371875 0.5278427734375 0.56875 0.54096160625 0.56875 0.4868168421875
0 0.56875 0.5958026750000001 0.5826229703125 0.58243123125 0.613114965625 0.5646198499999999 0.6335037625 0.55937368125 0.66314473125 0.557999790625 0.6862629921875 0.5608933359374999 0.7156365109375 0.5740481374999999 0.7310649093749999 0.5850266984375001 0.749435528125 0.600035603125 0.762529621875 0.61864933125 0.773289409375 0.64489823125 0.7810522828125 0.677536109375 0.78133805625 0.7141496390625 0.7821283734375 0.7456993984375 0.7713322109374999 0.7810120484375 0.7500376937500001 0.8131150296874999 0.7087008625 0.8390904609375 0.6976979609375 0.840944559375 0.6947010515625001 0.8473335421874999 0.70313255 0.8436496859375 0.7312902390625 0.8334734703125001 0.750858365625 0.8206711671875 0.7681468812500001 0.8050847046874999 0.7826512359375 0.79177785625 0.7972893203125 0.7712066562500001 0.8081098203125 0.7494683078125 0.8172777328125 0.72270496875 0.8180635671875001 0.7186622078125 0.8208451265625 0.6907456062499999 0.8213253328124999 0.6721075390625 0.8176171374999999 0.6501017390625 0.81038314375 0.6259743890625 0.8002859625 0.600971675 0.7774108156249999 0.5699751390625 0.756760584375 0.552182078125 0.7278916125 0.53396350625 0.702242359375 0.52427586875 0.6968350937500001 0.5226227015625 0.6722448546875001 0.517994190625 0.6352605078125 0.5160793828125 0.5991758625 0.5248756875 0.56875 0.5319791765625 0.56875 0.5958026750000001
1 0.5929632234375 0.8468919953124999 0.598636528125 0.8634023921875 0.6520821125 0.8951686015625 0.6807914671875 0.902245596875 0.72733795 0.9112933171875 0.7278883687500001 0.91133055 0.72807053125 0.9103934125 0.7229433937499999 0.8786013328125 0.6783921203125 0.872192565625 0.657538315625 0.8646990531250001 0.630534921875 0.8477360062500001 0.614830878125 0.8352153078125 0.5837901578125 0.8038032109375 0.58252015 0.8035563453125001 0.579058746875 0.8089779515625001 0.5787379265625 0.8106284296874999 0.60802114375 0.8480520531250001 0.5929632234375 0.8468919953124999