1 0.33412734843749997 0.3921973921875 0.3337260140625 0.3829666890625 0.3325381578125 0.369389434375 0.3004828640625 0.35870433749999997 0.299785196875 0.358765375 0.2888253390625 0.38965225000000003 0.2888558625 0.39000114375 0.296430909375 0.418407571875 0.299383165625 0.418149284375 0.33412734843749997 0.39279542031250003 0.33412734843749997 0.3921973921875
0 0.080516940625 0.559375 0.0430851828125 0.5448906890625 0.032900192187499996 0.535711265625 0.020604740625 0.5273236406249999 0.0094172078125 0.5180388453125 0.004034181249999999 0.5113913625000001 0 0.5064095656250001 0 0.512058459375 0.012689775 0.5254781265624999 0.027571365625 0.538192034375 0.057069603125 0.5564966828125 0.064962178125 0.559375 0.080516940625 0.559375
0 0.18123841093749998 0.559375 0.188509884375 0.5568426453125 0.21715909687499999 0.544649540625 0.2368907984375 0.53050555 0.25372024843749996 0.515042903125 0.2702847546875 0.492457090625 0.2805507546875 0.4723415015625 0.2799849546875 0.4658743875 0.2777210078125 0.469925475 0.2748729515625 0.47773507187500003 0.27112772500000004 0.48443675312499995 0.26627458437499996 0.49203560468749996 0.261526815625 0.49863191406249996 0.2568844171875 0.5042256828125 0.25424710625 0.5100301921875 0.24770499375 0.5144106765625 0.225335978125 0.534359175 0.21668341249999998 0.5395314578125 0.2025966484375 0.5481870515625 0.1879288296875 0.5527271046875 0.17204772343750002 0.5591668703125 0.1715745984375 0.559375 0.18123841093749998 0.559375
0 0.11384208437500001 0.23192164062499998 0.11675661562499999 0.22975000156249997 0.1079748765625 0.22911666249999998 0.089470659375 0.2291611 0.071561396875 0.2341374765625 0.0486187203125 0.23937764375 0.04070151875 0.24273554218750001 0.040874028125 0.244707340625 0.044323876562499996 0.2444055171875 0.051691528125 0.240226053125 0.07161415625 0.2351441609375 0.0926489828125 0.2320228765625 0.11384208437500001 0.23192164062499998
0 0.36875 0.2620202140625 0.3721806796875 0.260876653125 0.3873016484375 0.2830540734375 0.3953661640625 0.31127988125 0.399398421875 0.31127988125 0.40242261562500004 0.2891024609375 0.399398421875 0.27700568593749997 0.39738229375 0.2518040734375 0.3983903578125 0.2245863328125 0.40645487343750003 0.198376653125 0.41653551875000006 0.1761992359375 0.43266455156249994 0.1580540734375 0.4508097125 0.141925040625 0.47298713125 0.1278121375 0.49516455156249994 0.1237798796875 0.5254064875 0.11974762187500002 0.5475839062500001 0.1257960078125 0.5717774546875 0.13789278437500002 0.5969790671874999 0.161078265625 0.6121000359375 0.1822476234375 0.6221806796875 0.20744923593750003 0.6262129390625001 0.23869923593750003 0.6262129390625001 0.27498955625 0.6181484218750001 0.3122879421875 0.6060516484375 0.33244923593750003 0.5919387453125 0.3516024609375 0.5929468109375 0.3697476234375 0.5910972156250001 0.370775175 0.597492028125 0.3702157015625 0.601011325 0.36773149374999997 0.6171403578125 0.353618590625 0.6383097125 0.3334572984375 0.6493984218750001 0.3102718140625 0.66048713125 0.28809439531250003 0.66653551875 0.2628927828125 0.6684508421875 0.236078265625 0.6684508421875 0.23184440624999997 0.6679120015625 0.21675689843749998 0.666783353125 0.203856390625 0.6574629390625001 0.17216697812499998 0.6433500375 0.1459572984375 0.6201645515624999 0.11873955624999999 0.5959710046875 0.1016024609375 0.5596806796875 0.08748955625 0.5294387453125 0.0814411703125 0.5015879671875 0.08059720625 0.4862098125 0.0819426203125 0.4629064875 0.085473428125 0.42460003593749995 0.10664278437500001 0.4044387453125 0.128820203125 0.382261325 0.15603794375 0.3701645515625 0.1943443953125 0.36875 0.20353898125 0.36875 0.2620202140625
2 0.5604697562500001 0.40889996249999994 0.5335060390625 0.455329721875 0.5344490796875 0.4661087421875 0.5607766140624999 0.47380986875 0.5821259328125 0.4719420453125 0.5803098578125001 0.4130124734375 0.5604697562500001 0.40889996249999994
1 0.497051740625 0.45157005312500004 0.536819371875 0.43190019375000005 0.5118893765625 0.4361051171875 0.48821489375000005 0.4199618921875 0.4606992140625 0.40617855937499997 0.45037512187499995 0.4194505171875 0.45154600624999996 0.4328337859375 0.456970459375 0.456088625 0.4672865421875 0.45689369375 0.48865149062499996 0.45502450312500003 0.497051740625 0.45157005312500004
1 0.6451185203125 0.40772739687500004 0.6450899546875 0.40740089375000005 0.600928434375 0.4208881875 0.5730578578125 0.413370865625 0.5658769640625 0.41299453281250004 0.566090903125 0.4154398578125 0.577898340625 0.442511009375 0.5835424796875 0.44201721093749996 0.6063354375 0.43328493281249997 0.6451185203125 0.40772739687500004
0 0.573277190625 0.38801891093749996 0.5745160390625 0.387910525 0.613034934375 0.3689580546875 0.6128239015625001 0.3649313234375 0.6036582390625 0.3633927828125 0.573277190625 0.38801891093749996
0 0 0.8832710140625 0.0122444578125 0.8895842593750001 0.033646906250000004 0.9028905171874999 0.04994035625 0.9156318375 0.0566685953125 0.9231385124999999 0.0713928796875 0.94107669375 0.076941175 0.9466627703124999 0.0775892453125 0.9439497921875001 0.07753982499999999 0.943384915625 0.068593696875 0.9322143531249999 0.055137215625 0.917201 0.040764365625 0.903279734375 0.0258265796875 0.8944674703125 0.006608304687499999 0.882993953125 0 0.8803822015625 0 0.8832710140625
1 0.7961621984375 0.766726703125 0.786081553125 0.7687428328125 0.7803694625 0.7813094296875001 0.781576128125 0.7951016671875 0.7891552609375 0.8007860171875001 0.7933610296875 0.800418059375 0.8012025203124999 0.7838638 0.7961621984375 0.766726703125