1 0.4707571 0.3291174171875 0.48295594062499997 0.30613968125 0.48247170781250004 0.30269418593749997 0.4653422640625 0.305409984375 0.453895209375 0.3258287265625 0.435223440625 0.325770121875 0.43524389374999994 0.325915653125 0.45885427968750003 0.3529262390625 0.4618792 0.3525011140625 0.47781628437499996 0.34439390312499996 0.4707571 0.3291174171875
1 0.9446860484374999 0 0.950207546875 0.0028988171875 0.9710032468750001 0.023407996875 0.974713909375 0.022886496875000002 0.9770857890624999 0.018179728125 0.9696334296875 0 0.9446860484374999 0
1 0.5052433078125 0.67291851875 0.5037258796875 0.6621214625 0.46003956874999996 0.6778679453125 0.4586921484375 0.7009546359375 0.4594802953125 0.706562590625 0.489482240625 0.7188068421875 0.4965657453125 0.717811321875 0.508104209375 0.6993401953125 0.5052433078125 0.67291851875
0 0.41419814062500004 0.5789651015625 0.420370590625 0.5854609453124999 0.4249148984375 0.595341321875 0.43387526718749997 0.60670486875 0.433568596875 0.6120074875 0.4417873796875 0.625579065625 0.44616999062499996 0.6417935874999999 0.45102096718749995 0.646371346875 0.4470732734375 0.6332514109374999 0.44194907812500006 0.6192449171875001 0.43579335312499995 0.6053833953125001 0.42771954218749997 0.5928433484375 0.41964573125 0.5803033 0.41068536250000004 0.568939753125 0.3971639609375 0.5550615062500001 0.386140534375 0.543987903125 0.3709909890625 0.5334941875 0.35951592187500003 0.5266916734375 0.34376976406250004 0.51943751875 0.3219794046875 0.5140847234375 0.2854576890625 0.5086984796875 0.26350563125000004 0.5096798312499999 0.23462281406250002 0.5137390468749999 0.2135405875 0.520909575 0.187880603125 0.53293108125 0.1622038921875 0.5523182625 0.144634446875 0.569514140625 0.13222264374999998 0.5859851578125 0.124823515625 0.6006997859375 0.11416810468750001 0.6221834765625001 0.1104601765625 0.633223628125 0.112668209375 0.6339652140625 0.1147312671875 0.6336752703124999 0.11858416406250001 0.6236666468750001 0.1221471203125 0.6115949656249999 0.1311743890625 0.59349580625 0.1471324203125 0.572318784375 0.16381531093749999 0.5562994078125 0.19332819375000002 0.5342692796875 0.2040951265625 0.5285484703125001 0.2151520046875 0.5248907218750001 0.24419652187500002 0.5144973578125 0.262764046875 0.5118878625 0.292226753125 0.5119547640625 0.312695640625 0.5153894703125 0.33654906093750003 0.520452321875 0.3556797484375 0.5293346203125 0.373778909375 0.5383618890624999 0.3881868671875 0.5510636359375 0.39671231875 0.5593325953125 0.4087672765625 0.5702612265625 0.40920219218750004 0.5733558140625 0.41419814062500004 0.5789651015625
1 0.3111344 0.48931129687499997 0.28476628125 0.48880947968750005 0.29506484843749997 0.4947254359375 0.27928524062500004 0.502202634375 0.321399515625 0.5099586078125 0.34995893906250003 0.5185676875 0.3551333109375 0.51047715 0.3111344 0.48931129687499997
0 0.10305549375 0.715260875 0.1106609390625 0.7394376890625 0.1112742765625 0.728832453125 0.108793028125 0.7186621328125 0.1071983375 0.7073153109375 0.1067968703125 0.6894893703125 0.10460556562500001 0.6813821078125001 0.10552557343749999 0.665474253125 0.1036074875 0.6667957281250001 0.102090865625 0.6859431421875 0.10305549375 0.715260875
0 0.132367671875 0.7816188671875001 0.12914483906250002 0.773656578125 0.12443883281250001 0.7701103484375 0.12489047499999999 0.7658392578125 0.1232790578125 0.7618581140625 0.11844480625 0.7499146796874999 0.114932028125 0.73988933125 0.11154749687500001 0.7382611890625 0.1106609390625 0.7394376890625 0.11739655156249999 0.7574253265625 0.12605025 0.77409149375 0.1369119796875 0.79149924375 0.15468774375 0.8131948078125 0.166307784375 0.8210288515624999 0.14368104375 0.794755528125 0.13692870625 0.7841335671875 0.132367671875 0.7816188671875001
0 0.2824468421875 0.861509371875 0.2852514859375 0.8590113984375 0.24371709687499998 0.8553815421875001 0.23267694374999998 0.851673615625 0.221781765625 0.8489972187499999 0.2147227578125 0.843677875 0.20294101874999998 0.8421779796875001 0.19043442187499998 0.8355204359374999 0.18969283750000002 0.83772846875 0.19307736874999998 0.839356609375 0.20529402343749997 0.84395109375 0.21897712187499999 0.8514951937499999 0.23767289374999997 0.857282903125 0.26329942812499996 0.85999275 0.2824468421875 0.861509371875
1 0.08069641562499999 0.76573890625 0.0778750453125 0.7756025578125 0.0893501140625 0.782405071875 0.100390265625 0.7861129984375 0.11678321250000001 0.7680305640625 0.1151885203125 0.75668374375 0.10782284375 0.7566670171875 0.0942345421875 0.7722514781250001 0.08069641562499999 0.76573890625
2 0.8640692968749999 1 0.8633173609375 0.9856522156249999 0.8624996125 0.970048628125 0.868608996875 0.961282878125 0.8685101515625 0.9605795515625001 0.8518791562500001 0.9664328375 0.845197165625 0.9782570843750001 0.8014708734375 0.9887864703125 0.80221043125 0.9940486953125 0.8037284984374999 1 0.8292748249999999 1 0.8461784640625 0.9969813890625 0.8477846296875 1 0.8640692968749999 1
1 0.752949528125 0.8980184109374999 0.7599750843749999 0.9180691062499999 0.769498615625 0.9409244484375 0.785194596875 0.9702756328125 0.7995858312499999 0.9903430562499999 0.8355611078124999 0.9768718296875001 0.83615771875 0.9736322703125001 0.8276489921875001 0.9579976343750001 0.7936921546875 0.9259533265624998 0.7731117453125 0.9067557359375 0.764151378125 0.8953921890625001 0.752949528125 0.8980184109374999
1 0.938592296875 1 0.9253989468749999 0.9873878265624999 0.9087829562499999 0.973944496875 0.9027554796875 0.96848018125 0.8970012203125 0.9724446 0.8697632687500001 0.9657536062500001 0.87027625625 0.99934243125 0.8705682734375 1 0.938592296875 1
0 0.8434787203124999 0.7338212265624999 0.8359346203125 0.7475043250000001 0.8430103546875 0.7454579906250001 0.8663340625 0.7242976953125 0.8790525328125 0.7025240593750001 0.8992649265624999 0.68916435625 0.9025044859375001 0.68976096875 0.9041326281250001 0.6863764375000001 0.9050191859375 0.6851999359375001 0.90089306875 0.685779825 0.8789075609375001 0.70149253125 0.8676889859375001 0.711484428125 0.8434787203124999 0.7338212265624999
0 0.8175901375000001 0.7816395859374999 0.8103359828125001 0.7973857421874999 0.8071912187500001 0.8199176874999999 0.8043531234374999 0.837147015625 0.808044325 0.833472540625 0.8091093046875001 0.818596215625 0.8151869578125 0.8019635015625 0.8174117140625 0.795339409375 0.8245208984375001 0.7785617234375 0.825695075 0.7750656734375 0.8207014499999999 0.7738389921875 0.8175901375000001 0.7816395859374999