1 0.400375721875 0.438975503125 0.406171346875 0.4029135390625 0.4051265296875 0.387971940625 0.4032771828125 0.386438775 0.366512190625 0.4463221296875 0.36926284531250003 0.45926893281250003 0.3546562109375 0.47258953281249994 0.354845971875 0.475303234375 0.3829418515625 0.471414275 0.39072106406249996 0.47823318437499995 0.40265759687499997 0.47739849999999995 0.400375721875 0.438975503125
1 1 0.30194345624999996 0.9806709687499999 0.307808215625 0.9570901515625 0.2944978203125 0.9512394109375 0.30108736875000003 0.951273278125 0.301571690625 0.976408984375 0.32460146875 1 0.3356309015625 1 0.30194345624999996
1 1 0.28087983125 0.997770034375 0.27710391093750003 0.9852022421875001 0.2680378765625 0.9692986906249998 0.26815547500000003 0.9713955828125 0.283920621875 0.9581633515625001 0.293796284375 0.990454878125 0.3004886140625 0.9857142515625 0.3038035703125 1 0.2991518546875 1 0.28087983125
0 0.9662813546875 0.253449178125 0.9767314453125 0.260674325 0.9785031296875001 0.25756697812499996 0.9724268437500001 0.2560029015625 0.967063390625 0.250411034375 0.9698247234374999 0.247234484375 0.963264015625 0.23874287968750002 0.9542187890625 0.23738641249999998 0.9552776390625001 0.23830685625 0.9662813546875 0.253449178125
0 0.9145433656249999 0.11087760625000001 0.9140173328125 0.131798596875 0.9152629828125001 0.149612240625 0.9172906718749999 0.164387740625 0.9225641140625 0.1829142203125 0.9277683546875 0.20045105156249998 0.9370695859375001 0.21969036718749999 0.9449867609375 0.21913674374999997 0.9362391515624999 0.20781460468750002 0.926522703125 0.182637409375 0.92145686875 0.1670798703125 0.9249518437500001 0.1459512703125 0.9239138 0.13110656874999999 0.9235401968750001 0.09732016875 0.9280040125 0.0900466265625 0.9265991484375 0.08417794843750001 0.9358935984375 0.0606548375 0.9502538796875001 0.0526892671875 0.94997706875 0.0487306796875 0.945028834375 0.04907669375 0.9557973515625001 0.032411909375 0.9664274640624999 0.0137678328125 0.9479493796874999 0.033955179687499996 0.9309453640625 0.0610008515625 0.9163358578124999 0.0938460015625 0.9145433656249999 0.11087760625000001
0 0.2182744890625 0.740461809375 0.21521218437499998 0.7453694296875 0.2200159203125 0.7543832109374999 0.22283583281250002 0.763362365625 0.222697321875 0.7712976640625 0.2434062859375 0.778604640625 0.2717908375 0.8009288171875 0.2804237140625 0.817947153125 0.2913895640625 0.8451039796875 0.293281740625 0.844971665625 0.2928283484375 0.838487853125 0.28461644375 0.8051215484375 0.26835991875 0.770110278125 0.2440469 0.741903884375 0.220587278125 0.7216501015625 0.1908223515625 0.7096016171875 0.18672422500000002 0.7098881859375 0.1867316875 0.7099949140625 0.19878251875 0.7202772828125 0.213453440625 0.7324399406250001 0.2182744890625 0.740461809375
0 0.2194364234375 1 0.23973551406250002 0.9865766062500001 0.2432788859375 0.9803619125 0.2045234453125 0.9950057890625 0.17285474375 0.9972202812500001 0.13519976875 0.9849360828125 0.13278445 0.9930608656250002 0.1292543125 1 0.2194364234375 1
0 0.0814312984375 1 0.06613209375 0.9927492234375 0.0409965125 0.9746171546875001 0.030387209375 0.9793369734375 0.034048178125 0.9890258328125 0.055945320312500005 1 0.0814312984375 1
2 0.2892802796875 0.9413436859375001 0.3248659546875 0.9667009015625 0.35663190624999996 0.8521026890625001 0.30834681875 0.8584625703125 0.2892802796875 0.9413436859375001
1 0.295295853125 1 0.3053982234375 0.9869574515625 0.307308315625 0.9858294000000001 0.29717664843749997 0.9547143218749999 0.28849824218750003 0.9443818281249999 0.26995095625 0.9635795296874999 0.275362803125 0.9840853031249999 0.27147007031250003 1 0.295295853125 1
1 1 0.62139405625 0.993812421875 0.622128065625 0.9700238390625 0.62072061875 0.9538589046875 0.6373061078125 0.93985326875 0.6517323859374999 0.9401910703125 0.656563178125 0.9412463562500001 0.6591492578125 0.9430520015624999 0.6590229953125 0.9836682171875001 0.6348497875 1 0.63161586875 1 0.62139405625