1 0.34502021875 0.3648123859375 0.3562599609375 0.38508942031250004 0.362027184375 0.392538921875 0.3748839453125 0.3936637421875 0.37624194843750003 0.3923957765625 0.3764966765625 0.391507434375 0.3669775265625 0.36258149687499996 0.34320799687500003 0.3391329953125 0.3393878984375 0.33879878125 0.338842625 0.3491845421875 0.3297615203125 0.3484395234375 0.329663753125 0.349557009375 0.34502021875 0.3648123859375
0 0.3824432203125 0.3540359234375 0.40318484843749997 0.35359244375 0.4206865984375 0.35311701093750003 0.4355564625 0.35354430625 0.384180721875 0.3490495109375 0.38183997812500003 0.3494936984375 0.36787973125 0.3522721953125 0.356793840625 0.35929129375 0.331478034375 0.3635778953125 0.3130596 0.3779942625 0.31275114375 0.3815199359375 0.32356811875 0.37710870937499996 0.33465401093749997 0.370089609375 0.360033721875 0.35932324531250004 0.3824432203125 0.3540359234375
0 0.29190906562499996 0.5 0.2974499453125 0.47174186718750005 0.29680085 0.44582968593750005 0.2896221578125 0.42071060937500004 0.289128978125 0.4206674625 0.28883022187499996 0.42164465 0.2893991359375 0.43499551406250003 0.29282541875 0.4553283296875 0.29113417343750003 0.47838218593750004 0.29183941875 0.49359747968749995 0.2893707375 0.5 0.29190906562499996 0.5
1 0.8549828187500002 0.0679473828125 0.819374575 0.0694615703125 0.8132659906249999 0.0877292703125 0.8128046609374999 0.0930022921875 0.8366070734375001 0.1235991390625 0.84350890625 0.12420297031250001 0.8570618359375001 0.1015858296875 0.8549828187500002 0.0679473828125
0 0.49646226562500007 0.153955953125 0.5120616765625 0.1776148609375 0.5247134953125 0.1929673984375 0.55100914375 0.2164957625 0.5692950515625 0.227068565625 0.5831665984375001 0.2325916953125 0.6097204546875 0.24020589062500003 0.654321121875 0.24410794375 0.6637148390625001 0.24348419843750002 0.68271745 0.2404060640625 0.713545959375 0.23325779062500002 0.7357927906249999 0.22258287499999999 0.7553673406250001 0.21007581718749999 0.7759338984374999 0.1903920515625 0.790204465625 0.171480140625 0.7907752265625 0.164956328125 0.7873539468749999 0.1691514421875 0.7831248265624999 0.17646580625 0.7781932218750001 0.18251285625 0.7719943015625 0.18926238906249998 0.7660777968750001 0.195027021875 0.76044370625 0.19980675625 0.7567794171875001 0.20515132343750003 0.749457946875 0.2083813265625 0.7235468218750001 0.224400803125 0.713973134375 0.2280508765625 0.69834529375 0.2342284703125 0.6828622109375 0.2361840515625 0.6658293984375 0.23982701562500003 0.6578054421874999 0.24178970624999999 0.6337406828125001 0.24021865 0.61319545 0.2375250421875 0.5826635734375 0.228770165625 0.5390598046874999 0.2024105390625 0.5304852390625 0.191424778125 0.519658453125 0.18085908281250002 0.510098984375 0.16959090625 0.50588408125 0.1619870171875 0.5023716609375 0.15565044374999998 0.49872158593750004 0.146076759375 0.49323936875 0.1391753546875 0.4865111625 0.11059905781249998 0.48188329999999996 0.09328383125 0.4819130078125 0.0909989609375 0.4773625015625 0.0906008421875 0.47729944687500003 0.0913215625 0.47961686718749996 0.10862215156249999 0.485932115625 0.1274871078125 0.49646226562500007 0.153955953125
1 0.65897818125 0.2633370046875 0.6768053765625 0.25736916249999997 0.676825353125 0.257299503125 0.65991231875 0.25350859375 0.644718759375 0.24702015312499997 0.623898221875 0.237852315625 0.6139922296875 0.23273727968750002 0.6061493703125 0.23205111875 0.606025696875 0.2334647140625 0.622334275 0.25445795000000004 0.6375259578125 0.2614601796875 0.65897818125 0.2633370046875
0 0.472389075 0 0.4679142359375 0.0070532578125 0.46364258593749996 0.014360403125 0.4627107125 0.025011768750000003 0.4631752921875 0.0250524140625 0.473123609375 0.0045124765625 0.47869712656249996 0 0.472389075 0
2 0.4185593015625 0.70061290625 0.445224965625 0.7029458500000001 0.43737442499999996 0.5890318328124999 0.39217827656250004 0.60911434375 0.4039188734375 0.6945537078124999 0.4185593015625 0.70061290625
1 0.4242367546875 0.754142715625 0.4366274859375 0.7481027734375 0.44859814687500005 0.73981061875 0.44964945156249997 0.7353541515625001 0.45139457656250004 0.7154072765625 0.4462367171875 0.707157071875 0.40794197031249996 0.721757365625 0.40352439687499997 0.727452178125 0.4031823765625 0.7286449453125 0.40078744374999997 0.7560191546875 0.4169660859375 0.7631430406249999 0.41731345937500003 0.7632426484374999 0.4215218171875 0.7636108328125 0.4242367546875 0.754142715625
0 0.2998704296875 0.580504265625 0.30237891875 0.5822241140625 0.3059133203125 0.5825333328125 0.30845921718749997 0.576571778125 0.3200027 0.573486534375 0.32704175625 0.5712414296875 0.3378827578125 0.5668888734374999 0.348999065625 0.5690105421875 0.36503986875 0.5725442875 0.3728066375 0.5738662781249999 0.372846615625 0.573409328125 0.35097597187499996 0.562116246875 0.3118624171875 0.549834734375 0.270627190625 0.5486695296875 0.2409283421875 0.5518782078125 0.20241444375 0.5673411671874999 0.2023217109375 0.568401121875 0.21558205 0.5659278875 0.253724925 0.563008734375 0.28130210624999996 0.5709163625 0.2998704296875 0.580504265625
0 0.26875166093749997 0.8584695015625 0.3044440109375 0.8491124015625001 0.3519316015625 0.8307876015625 0.3800438078125 0.8057913234375 0.3960020453125 0.7927888265625 0.396812534375 0.7835248953124999 0.39255985312499997 0.7851775062499999 0.36451155156250004 0.803694021875 0.319994175 0.81653978125 0.28956485625 0.8136475203125 0.290437765625 0.8237007375000001 0.2795895921875 0.8394707109375 0.25848243437499996 0.8441228390625 0.238407953125 0.84262878125 0.23159461874999998 0.8435336437500001 0.19090631875 0.8295235375000001 0.1801859546875 0.8323339875 0.17621331406250001 0.8309660984375 0.17596804375 0.83376955625 0.194320009375 0.8447861265625001 0.2288940734375 0.854523675 0.267468771875 0.8583572640625 0.26875166093749997 0.8584695015625
1 1 0.6201949828125001 0.973091028125 0.61655538125 0.9347737796875 0.6157149875 0.9330440624999999 0.621747225 0.9327636234375 0.6249526609375 0.932538525 0.6520531937499999 0.9343429328124999 0.652211059375 0.96337258125 0.6244274671875 1 0.62536455 1 0.6201949828125001
0 0.9701613 0.675075203125 0.946898353125 0.662720328125 0.9358180656249999 0.661750928125 0.9355005578124999 0.6653800609375 0.9571163546874999 0.674593565625 0.9705830515624999 0.67577175 0.9701613 0.675075203125
0 1 0.8800256546874999 0.997997753125 0.8854191968749999 0.9638601343750001 0.9199813109375 0.9327742765625 0.93404833125 0.904003771875 0.937037765625 0.87507099375 0.9335491546875 0.8429553437500001 0.91944479375 0.8211558828125 0.9031373796875 0.8064335890625 0.8847080515625001 0.7959301390625 0.866497146875 0.7862442359375 0.8421077578125 0.7777565765625 0.8137990890625 0.7715281203125001 0.785109721875 0.7759404 0.76717339375 0.7803526796875 0.7492370640624999 0.7799469953125 0.733041953125 0.7766829875 0.7191871781250001 0.76976809375 0.7277871390625 0.76971194375 0.7384840265625 0.7629593234375001 0.75356203125 0.7607001203125 0.753942728125 0.764893978125 0.7402252421875 0.766310646875 0.7320871171875 0.7575983875000001 0.746566 0.7487488390625 0.7685027484375 0.7470661015625 0.7754405796875 0.7424860375 0.8277909546875 0.7551272140625 0.8808075796875 0.7688135375 0.9096342343749999 0.8112953515625 0.949407365625 0.8515028421874999 0.9725346171875 0.8597838249999998 0.9750663671875 0.9112060578125 0.9795652296874999 0.9177150812499999 0.9798003312500001 0.9710933984375 0.9629061484375001 0.9951020859374999 0.9509610453124999 1 0.9466015609374999 1 0.8800256546874999