2 0.41875 0.0802044109375 0.424657159375 0.0831741203125 0.42653183125 0.0918489078125 0.43588914062499995 0.0896886015625 0.4347642484375 0.0852184828125 0.433458703125 0.065666634375 0.4247336421875 0.0481209078125 0.4192069046875 0.0477043875 0.41875 0.049234178125 0.41875 0.0802044109375
1 0.4602281453125 0 0.44276660312500005 0.0188671203125 0.42566029843750003 0.0462429296875 0.43486798125000004 0.061965934375 0.436743028125 0.0749196203125 0.4417953671875 0.0871397734375 0.45083822500000004 0.08282096875 0.45442212968749995 0.0741847234375 0.4669678421875 0.0657105765625 0.46924813906249996 0.056259746875 0.47649972187500006 0.06350996875 0.4860316046875 0.0613093609375 0.48692723906249996 0.055524846875 0.5068028640625 0.0208164046875 0.5002024015625001 0.00672256875 0.4949469625 0 0.4602281453125 0
0 0.5286631953125001 0.2991187265625 0.5390920734375 0.3056354140625 0.577873446875 0.3189929875 0.5955525500000001 0.3182580875 0.581131790625 0.313778546875 0.5715174984375 0.30595825 0.55448951875 0.2998495375 0.530536878125 0.2975706046875 0.5286631953125001 0.2991187265625
0 0.47325909218749995 0.257247921875 0.49216211718749997 0.276310321875 0.5049537046875 0.28339708125 0.505849340625 0.2776125703125 0.4949314375 0.26897768593750004 0.48140631406249995 0.25871363281250004 0.46616960625 0.241035890625 0.45354011875 0.2249873234375 0.45117741093749997 0.2244172484375 0.45549621562500003 0.23346010625 0.47325909218749995 0.257247921875
0 0.2527910953125 1 0.26798845625 0.9731702921875 0.2734209703125 0.9549813546875001 0.280083928125 0.9289755 0.28313204375 0.8913671796875 0.283097115625 0.8910827171874999 0.2655517265625 0.815085290625 0.26161369687499997 0.80530463125 0.2481758171875 0.7850522062499999 0.2321637078125 0.77059145625 0.23606260625000003 0.775588328125 0.2443902671875 0.7898974937500001 0.2467937890625 0.800553571875 0.24987876406249998 0.8078406203125 0.2460932125 0.812685903125 0.2549889828125 0.81378388125 0.2611589328125 0.8283579734375 0.268918484375 0.8558783265625 0.27654556874999997 0.8823198218750001 0.27554181718750004 0.9098210515625 0.268613928125 0.9336691953125001 0.26386286875 0.9484891046874999 0.26802669843750004 0.9556436890625001 0.26465766875 0.9549622328125 0.2531494265625 0.9771825359375 0.2390791765625 1 0.2527910953125 1
1 0.9022951921875 0.5924173265625 0.868150125 0.608656128125 0.869806428125 0.629652475 0.870806896875 0.633985984375 0.9119133828125001 0.6568837375000001 0.9138048999999999 0.656447046875 0.9182690593749999 0.6244046828125 0.9022951921875 0.5924173265625
0 0.5509447203125 0.79111679375 0.544996746875 0.7846811578125 0.5388042578125 0.7771864234375 0.53391538125 0.7705062734375 0.5298410890625 0.7625225140625 0.5249522109375 0.7558423640624999 0.5203888937500001 0.745740409375 0.5154189687499999 0.7435411640625 0.516152503125 0.7467184578125 0.5199822828125 0.75364311875 0.5238120625 0.76056778125 0.5407603546875001 0.7856592046875 0.5614560140625 0.8076543859375 0.5814991859375 0.8219913703125 0.6044751406250001 0.8345357203124999 0.6367384640625 0.843820365625 0.656699225 0.84813644375 0.6853772796875 0.851555525 0.7178837515625001 0.8473974578125001 0.736947515625 0.842996240625 0.7576404484375 0.83598780625 0.7775998468750001 0.825802075 0.8067642015625001 0.8023357343749999 0.8210201359374999 0.7867734656250001 0.8388599750000001 0.7625749515625 0.851485375 0.73511809375 0.8592232593750001 0.7154828953125 0.8627247515625001 0.6968257437500001 0.8648415859374999 0.6818349125000001 0.8628044390625 0.6778430328124999 0.8581614359374999 0.6867237890625 0.857673775 0.6991074015625001 0.8518095750000001 0.7171944796874999 0.8430950046875001 0.7470950937499999 0.836903878125 0.75410216875 0.8325053875 0.7640420234375 0.8284324578125 0.7705600734375 0.8235449421875 0.7783817328125 0.8127918640624999 0.7897886609375 0.800735175 0.8003810015624999 0.7910411953125001 0.811543415625 0.743383153125 0.8370482671874999 0.7105511171875 0.8446281390625 0.6886356234375001 0.8463410843750001 0.6630538125000001 0.8466693718750001 0.6546620781250001 0.8441445640625 0.6368195140624999 0.8393394609375001 0.620525071875 0.8364080421875 0.604311678125 0.8289957187500001 0.5943718234375 0.8245972281249999 0.5678106015625 0.8061873140625 0.5602334546875001 0.8023588984375 0.556648184375 0.7964933328124999 0.5509447203125 0.79111679375
1 0.7384956375 0.8448699265625 0.7220390953125 0.8509003140625 0.70378991875 0.8539979203125 0.7234251171875 0.8617358046875001 0.7191076750000001 0.86719475625 0.73523865625 0.864586175 0.761797153125 0.8539924703124999 0.7846879703124999 0.8275122984374998 0.7828953359374999 0.8245795156250001 0.7762151875 0.82946839375 0.7610622546875 0.8363133671874999 0.7384956375 0.8448699265625
0 0.5015573828125 0.6206844453125 0.4967522796875 0.6385270109375 0.49659154218749996 0.6619906249999999 0.497245390625 0.6841506328125 0.5010765328125 0.7055771015625 0.5018100703125 0.708754396875 0.5031136796875 0.70956898125 0.5027853921875 0.6839871703125 0.4998498859375 0.6567761875 0.503189278125 0.64708084375 0.5012331828125001 0.6386080609375 0.504165965625 0.6368154265625 0.509377678125 0.611070153125 0.5118214375 0.607159321875 0.510109853125 0.5997456375000001 0.5057924109374999 0.6052045890625 0.5015573828125 0.6206844453125
0 0.6156048546874999 0.49618629375 0.5922236515625 0.5060464609374999 0.5815516234375 0.512972484375 0.5862770390625001 0.5141126328125 0.5956454578125 0.5063720234375 0.6158493671875 0.497245390625 0.6376014 0.48999244375 0.6600869671874999 0.48591678906249997 0.6627752375 0.48306505624999996 0.6533315 0.4840368046875 0.63369056875 0.487548684375 0.6156048546874999 0.49618629375
1 0.49137301562499996 0.61522685625 0.49365467343749997 0.620277834375 0.4981342140625 0.6058570765625 0.4873784109375 0.5882603859375 0.4590272796875 0.5959213078125 0.46293947031249993 0.6128668734375 0.4754851828125 0.6043927296875 0.49137301562499996 0.61522685625