0 0.459375 0.3324752578125 0.4217868625 0.3280192328125 0.3599810609375 0.3411564609375 0.33857029375000003 0.3518035109375 0.3480854625 0.3495471734375 0.37140325625 0.344508059375 0.4147852546875 0.3522377046875 0.42821306718749996 0.359375 0.45933170937499995 0.359375 0.459375 0.3593236296875 0.459375 0.3324752578125
0 0.459375 0.08919026875 0.461917403125 0.0895904625 0.48357990781250004 0.10651506718749999 0.5077809656250001 0.12639204531249998 0.5219404203125 0.144237909375 0.5251560125 0.1438430828125 0.5250054093750001 0.1514777390625 0.5340877578125001 0.16341884843750001 0.5442229734375 0.18393487343749998 0.5505971671875 0.2092647859375 0.5536051609375 0.24262418125 0.5472295953125 0.27931178125 0.541456453125 0.28546075000000004 0.5461387328125 0.288149909375 0.545856521875 0.294712703125 0.5429041453125001 0.29725125625 0.5439570125000001 0.30582616875 0.5342016171874999 0.3360208578125 0.5346033703125 0.3359354625 0.5408350343749999 0.3247059015625 0.55819245625 0.288845946875 0.5649805875 0.25031245 0.5618986203125 0.2252118484375 0.5509468421875 0.17368778437500001 0.5322642359375 0.1397062328125 0.5066154875 0.10803874843750001 0.47344469218749996 0.08599904375 0.459375 0.08010060937499999 0.459375 0.08919026875
0 0.6942895046875 0.035226128125 0.699567375 0.0341042828125 0.700113628125 0.0337588234375 0.6996380343749999 0.0315213359375 0.6862785578125 0.026971948437499997 0.6646481484375 0.0248643890625 0.6650351546875 0.0258725734375 0.6635586218749999 0.031066339062499997 0.6748015031250001 0.030220832812499997 0.6820116390625 0.0309233515625 0.6811562875 0.034721921875 0.6942895046875 0.035226128125
0 0.7499098171874999 0.1581042921875 0.7550182968750001 0.135590675 0.7598629578125 0.12063184843750001 0.76690381875 0.10466914218750001 0.7669791953124999 0.1025106296875 0.7684353375 0.0917557625 0.7732046218749999 0.078955446875 0.7787516562500001 0.0748268671875 0.778940096875 0.0694305859375 0.7890302828125 0.058977225 0.791286703125 0.05687307968750001 0.7901602484375 0.051573528125000004 0.7813624265625 0.06195117343749999 0.7653483249999999 0.0873256734375 0.7505642296875 0.1084208390625 0.7390574765625 0.1493383375 0.747376259375 0.1884751296875 0.7476785234375 0.18841088125 0.7474497984375 0.16666296249999998 0.7499098171874999 0.1581042921875
0 0.7530387484375 0.215234284375 0.754083125 0.21580287031249998 0.7562804859375 0.2153358078125 0.755365075 0.21102913750000002 0.750898046875 0.20516307656250002 0.7530387484375 0.215234284375
1 0.6387728828125 0 0.6475876984375 0.0070452265625 0.6202595234375 0.026320084375000004 0.62045810625 0.02725434375 0.6231769171874999 0.028179978124999998 0.6268525875 0.027987345312500002 0.64293026875 0.0213474546875 0.6560410265625001 0.023904534375 0.66540781875 0.016925270312499997 0.6734135875 0.0046103515625 0.6813861921875001 0.00577484375 0.6801587109375 0 0.6387728828125 0
1 0.576290946875 0 0.5795517109375 0.0053336046875 0.5628496296875001 0.0254443359375 0.555297215625 0.031465809375 0.5648703687500001 0.0349511703125 0.5808733 0.027133484375 0.6011678109374999 0.0239237921875 0.6222941093750001 0.0194332578125 0.6205642140625 0.016488840625 0.6156653734375 0.014218003125 0.6119810578125 0.0072728515625 0.622515840625 0 0.576290946875 0
1 0.344689271875 0.946601871875 0.34319485625 0.9395711999999999 0.34038738125 0.9322574828124999 0.33934857812499997 0.9324782859375 0.320475528125 0.9496940125 0.308152965625 0.9417000171875 0.3014013296875 0.9512321906250001 0.3035705359375 0.95386974375 0.30589257187499996 0.9599188609375 0.32488340625 0.962708875 0.3258611453125 0.9625010515625 0.344689271875 0.946601871875
0 0.459375 0.7225563796875 0.45883506093750004 0.722669971875 0.4343136796875 0.7293620609375 0.41966775468749995 0.7387807859375 0.40712218125 0.7470080421875 0.39905989375 0.7582445250000001 0.37601257499999996 0.7724291296875 0.3611848625 0.7981641296875 0.36166096875 0.8004040312499999 0.37362504687500003 0.7887751890625 0.381687334375 0.7775387078125 0.4022386765625 0.7569965375000001 0.42205069531249995 0.742981484375 0.44214530625000004 0.734358603125 0.459061134375 0.7269837046875001 0.459375 0.726867265625 0.459375 0.7225563796875
0 0.3789333125 1 0.36854310625000003 0.9818715390625 0.35665836875 0.9623169265625 0.3541885765625 0.9506974640625 0.3500552046875 0.9416396812500001 0.34992256875 0.9306274796875 0.3453401453125 0.9194570687500001 0.3442175125 0.9141754953125 0.3435439328125 0.9110065500000001 0.3449166640625 0.9018824500000001 0.3448503453125 0.8963763484375 0.344110446875 0.887701303125 0.34653949375000004 0.878352678125 0.3482949609375 0.8658351062499999 0.3508158953125 0.8465305937500001 0.3482542125 0.8448670171875001 0.3466569546875 0.8529348015625 0.34231423437499997 0.879250784375 0.3419722453125 0.9036123468749999 0.3449574109375 0.9228505390624999 0.3472689953125 0.9389197906250001 0.35582657968750003 0.9635977687499999 0.3645423734375 0.983825959375 0.3753705265625 1 0.3789333125 1
2 0.68275931875 0.662783734375 0.623083840625 0.6425041859375 0.6190780921875 0.6433556328125001 0.62152985625 0.6903605781250001 0.624359740625 0.7036741375 0.6402959546875 0.710592009375 0.6427364453125 0.7100732671875 0.6832708515625 0.6651903078125001 0.68275931875 0.662783734375
1 0.6689349671875 0.70295821875 0.6316300296875 0.692130928125 0.616965734375 0.7081707203125001 0.609917928125 0.7473997953125 0.6164580421875 0.7460096515625001 0.6260197140625 0.7347705671875 0.67029856875 0.7235572296875 0.6694934734375 0.7055857781249999 0.6689349671875 0.70295821875
1 0.6976593484375 0.6265157203125 0.687814259375 0.628608359375 0.713293775 0.6375581390624999 0.7374679203125 0.66437895625 0.7440109828125 0.6629881859375001 0.7456714484375 0.6386887921875 0.746524571875 0.645202015625 0.7472064578125 0.6428296625 0.74575610625 0.6360062921875 0.6976593484375 0.6265157203125
0 0.7407822328125 0.6828433640625 0.755066275 0.6798071968749999 0.754993090625 0.679462890625 0.7312254687499999 0.6784850875 0.72428091875 0.679961196875 0.7250995359375001 0.6836652593749999 0.7407822328125 0.6828433640625
0 0.776152578125 0.9457734453125 0.7582871156250001 0.9396345109375 0.737569121875 0.9252695843750001 0.7133913406250001 0.905015821875 0.6990112390625 0.8893037343749999 0.6813958734375 0.8687591265624999 0.674792709375 0.8480818828124999 0.668796809375 0.82506748125 0.6629335453125 0.8130652812499999 0.6532940734375 0.8040738203124999 0.6516560671875 0.7911735140625 0.6458079781249999 0.81560139375 0.64555788125 0.83000706875 0.64831851875 0.8481889484374999 0.6535489515624999 0.8779902906250001 0.6700161109375 0.9087153125 0.684753378125 0.9364959171875 0.7247503109375 0.9688437687499999 0.7569295578125 0.9851886890625 0.8041217421875 0.99944655 0.8534521265624999 0.9977933703125 0.8988073484375001 0.9826326218750001 0.9372429906249999 0.9556942015625001 0.9552259156249999 0.9364152593749999 0.9685345281250001 0.9159217953125001 0.9769442984375001 0.8931574906249999 0.98339965 0.86639245625 0.9848898437500001 0.8318504796875 0.9756842500000001 0.78854156875 0.9680247718749999 0.7680888515625 0.953736559375 0.7424208765625 0.9329522484375001 0.72254985 0.9123924656250001 0.7037351359375 0.8946852109375001 0.693146415625 0.8939197406249999 0.6999333578125 0.8865255359375 0.7015050453125 0.846793875 0.6911815984375 0.8397160890625 0.6838537125 0.8348835671874999 0.6870889765625 0.8482073546875 0.7030255890625 0.8595104015625001 0.7094553671874999 0.8861835484375 0.72586660625 0.90206901875 0.7434667953125 0.9224705953125 0.7667312953125001 0.9368914437499999 0.8034114718750001 0.9384119875 0.8417296531249999 0.9305839062499999 0.8776187890625 0.9199032953125 0.9052819312499999 0.8945924843749999 0.9316386609375 0.858968621875 0.945834984375 0.82878454375 0.9544588859375001 0.7999731953125 0.9539586906250002 0.776152578125 0.9457734453125