1 0.5180900625 0.41875 0.5058642578125 0.4118498546875 0.493489690625 0.38005127656250004 0.48799621406250004 0.3632165875 0.4790586296875 0.3671380640625 0.47821902656250004 0.3731121515625 0.48190813749999994 0.4097412171875 0.4841480171875 0.41875 0.5180900625 0.41875
0 0.22357987031249998 0.41875 0.2211214015625 0.4141287828125 0.20999781875 0.41118864843749997 0.2140931375 0.4060281109375 0.21391680000000002 0.4004213375 0.209112534375 0.395347171875 0.205463453125 0.39623605156249997 0.2040419625 0.3879590421875 0.20217423750000002 0.383953690625 0.20217783281249999 0.3717612953125 0.1967509890625 0.3653520125 0.196930925 0.358766390625 0.1934766234375 0.3500567234375 0.1772535625 0.347776721875 0.1771900375 0.34822872031249996 0.179844296875 0.3569814390625 0.191939534375 0.3846626359375 0.2047473171875 0.410386140625 0.21266629531249998 0.41875 0.22357987031249998 0.41875
0 0.4876407609375 0.216256828125 0.4877381359375 0.2155639640625 0.487661096875 0.21549212343750002 0.4875883890625 0.213410059375 0.4776010890625 0.1960396953125 0.450025046875 0.18077684375 0.4495229296875 0.1843495921875 0.460048959375 0.20082183750000002 0.4685226296875 0.2046951359375 0.47854909062499995 0.2149790765625 0.4876407609375 0.216256828125
0 0.5053804937499999 0.30005253593750003 0.5021342109375 0.3208543625 0.5053673859375001 0.32130875625 0.50966965 0.3002746 0.508400628125 0.27592285156249996 0.506827053125 0.2525672546875 0.5065517953125 0.2520495671875 0.5031889640625 0.251576953125 0.5024890796875 0.25655688125 0.5055517515625 0.2674270265625 0.50657330625 0.28189975624999997 0.5053804937499999 0.30005253593750003
2 0.9600628890625 0.134396828125 0.9604894203125 0.131361896875 0.873590565625 0.1321929625 0.871983365625 0.1436287765625 0.87193314375 0.14680723906249998 0.875355653125 0.1472882421875 0.9543763203125 0.151186853125 0.9600628890625 0.134396828125
1 0.6808275265625 0.3833306609375 0.7172040749999999 0.35873815625 0.71989583125 0.3395853140625 0.67225401875 0.3479713671875 0.6114270671875 0.333014990625 0.6092929687499999 0.33994122187500003 0.6079132609375 0.3497583546875 0.6513184703125 0.3707232671875 0.655085190625 0.3940338296875 0.6775807359374999 0.397195371875 0.6808275265625 0.3833306609375
1 0.46379146406249994 0.8506761046874999 0.467776278125 0.8195240671875 0.454347359375 0.8174928250000001 0.4502085046875 0.8261588953124999 0.44630267031250004 0.8477075640624999 0.4333947734375 0.8536087046875 0.43265335625 0.8588841640624999 0.43509861875 0.8641580609374999 0.46891691093750004 0.8689109109375 0.47604876249999994 0.8577821906249999 0.46379146406249994 0.8506761046874999
1 0.6407086359375 0.5116158140625 0.643990478125 0.4835086859375 0.6097158609375 0.47452669687500004 0.5955738687500001 0.5000969734375 0.5952117 0.5026739453125 0.5974533421875 0.523010878125 0.60749164375 0.5261564437499999 0.6111896015625 0.5266761578125 0.6407086359375 0.5116158140625
1 0.8086999234375 0.6727735906250001 0.8215579765625 0.6745806734375 0.8353985500000001 0.6715426546875 0.8518714718750001 0.6681008593750001 0.8513882796875001 0.6648424515625 0.8180781640625 0.6557957703125 0.7900192234375 0.64648035625 0.7880504171875 0.646203659375 0.786945121875 0.654068240625 0.7880884203124999 0.6579119234374999 0.7878480765625 0.6652736953125 0.8086999234375 0.6727735906250001
0 0.7001437546875 0.5948944593750001 0.7188937546874999 0.613644459375 0.732435421875 0.6251027921875 0.7532687546875 0.6355194609374999 0.773060421875 0.6448944609374999 0.7845187546875 0.6480194593749999 0.8011982703125 0.6527850359375 0.8267279390625 0.656372996875 0.8315673562499999 0.6568736265625 0.8563193546875001 0.6568736265625 0.8824354218749999 0.65010279375 0.8991020890625 0.642811125 0.9136854218749999 0.635519459375 0.92514375625 0.6292694593749999 0.936602090625 0.6219777921875 0.9543104234375 0.6094777921875 0.9668104218749999 0.5948944593750001 0.9761854218749999 0.5823944609375 0.9845187546874999 0.5698944609375001 0.9886854218749999 0.561561125 0.9803520890625 0.569894459375 0.9668104218749999 0.5865611265624999 0.9584770890625001 0.5980194609375 0.9459770890625 0.6115611249999999 0.9345187546875 0.6188527921875 0.9157687546875 0.6292694609374999 0.9074354218749999 0.6355194609374999 0.8834770890625 0.6448944593749999 0.869935421875 0.6480194593749999 0.8522270890625 0.6511444609374999 0.8303520890625 0.6521861250000001 0.8136854218749999 0.6501027921875 0.7938937546875 0.6480194593749999 0.779310421875 0.6438527921875 0.7626437546875 0.6365611250000001 0.7491020890625 0.63135279375 0.7407687546874999 0.626144459375 0.729310421875 0.616769459375 0.7209770890625 0.6094777921875 0.7116020890625 0.6011444609375001 0.701185421875 0.588644459375 0.6907687546875 0.577186125 0.685560421875 0.567811125 0.679310421875 0.557394459375 0.6741020890625 0.54697779375 0.6709770890625 0.5376027921875 0.6657687546875 0.5219777921875 0.6643178609375 0.51617421875 0.6634744343750001 0.5221755109374999 0.6688937546875 0.5438527921875 0.6741020890625 0.555311125 0.6855604234375 0.576144459375 0.7001437546875 0.5948944593750001
0 0.989251309375 0.41875 0.9891650203125 0.433031715625 0.989694034375 0.4498520390625 0.9903802859375 0.46636233125000004 0.9913926265625002 0.46650460625 0.9919144359375001 0.465070940625 0.994235590625 0.44041984687499997 0.9939123999999999 0.41875 0.989251309375 0.41875