1 0.13504334375 0.170945353125 0.1680658421875 0.1610529578125 0.1683274671875 0.15919140468749998 0.1627940578125 0.12750979375 0.159925315625 0.12710661875 0.1192316703125 0.1492613234375 0.1188839796875 0.151735265625 0.12635595625 0.16972442031249999 0.13504334375 0.170945353125
3 0.2828337546875 0.343642125 0.282256434375 0.347749971875 0.28484215625 0.3482059046875 0.31115602343750004 0.351904078125 0.31108099375 0.348622875 0.2828337546875 0.343642125
0 0.266603296875 0.2794954203125 0.26601343125 0.28369253906249997 0.2663803109375 0.2837840125 0.2759236 0.283777975 0.274967896875 0.2794901296875 0.266603296875 0.2794954203125
0 0.5796875 0.16321508906249999 0.602578353125 0.15364177343750002 0.6299979437500001 0.150718425 0.6577260765624999 0.1566305578125 0.6895525015625 0.1673141578125 0.7179662828125 0.19286068750000002 0.7365628656250001 0.21875003906249998 0.7453422484375001 0.24498221718750002 0.7515878640625 0.2830978796875 0.7553682703125 0.33506046875 0.743029771875 0.37579093750000003 0.7176203734375 0.408131596875 0.6974156453125 0.4206321671875 0.6792086390625001 0.43404589062500004 0.6908178656249999 0.42872590156249996 0.7237163875 0.413816221875 0.7503817640625 0.38929503906249996 0.7681430984375 0.36311895625 0.780014115625 0.33714856875 0.787821121875 0.3073884296875 0.79102806875 0.286635184375 0.7916544968749999 0.24827954375 0.7849756828125 0.22590568125 0.7752831406249999 0.20167122499999998 0.76075056875 0.179571621875 0.74029339375 0.15669599375 0.7079870140625 0.13226831562500002 0.679984621875 0.118502425 0.6428375890625 0.11128539374999999 0.64111405 0.1110431671875 0.614003696875 0.11490902656249999 0.5806595031249999 0.11705634843749999 0.5796875 0.1174779328125 0.5796875 0.16321508906249999
1 0.7075475359375 0.459375 0.666895134375 0.430237578125 0.6596529140625 0.42921975 0.6487634609375 0.448660196875 0.6385283703125 0.45890824375 0.638462771875 0.459375 0.7075475359375 0.459375
1 0.0953039734375 0.9066970906249999 0.08978669218749999 0.8866564828125 0.05101309375 0.8732772609375001 0.046439396875 0.90582080625 0.0719326015625 0.924449803125 0.0743672828125 0.9247919750000001 0.095224671875 0.9072613437499999 0.0953039734375 0.9066970906249999
0 0.1346388671875 0.754396296875 0.1482945359375 0.7448344953125 0.1609828109375 0.7351021156249999 0.1791342984375 0.728327990625 0.1995617296875 0.7199602328125 0.22607861406250002 0.716656096875 0.24514142187500002 0.7160274953125001 0.2669358375 0.7168780234375 0.2785445734375 0.7189249578125001 0.2991449453125 0.7265472468749999 0.31684313125 0.7336578031250001 0.3303305859375 0.7420208390624999 0.3442737 0.753456634375 0.3538915734375 0.76113735625 0.3639651109375 0.7718908421874999 0.37307125 0.7824737515625 0.3861054046875 0.804721465625 0.3960107234375 0.8333997859375 0.400053240625 0.8500721453125 0.4013080828125 0.8712403234374999 0.40250448906249997 0.8814260031250001 0.400286978125 0.8940021328124999 0.40059837187499997 0.894903696875 0.40500613750000003 0.8955231671874999 0.4058062609375 0.89098544375 0.4061450546875 0.8720932109374999 0.40375224374999996 0.8517218515625 0.39896898125 0.8279365750000001 0.38553523749999996 0.796641153125 0.377908225 0.7833266390625 0.3664116328125 0.7693298140625 0.33340334843749997 0.7415651765625 0.3245822890625 0.735022425 0.3088188921875 0.7282530250000001 0.2866248859375 0.7183547890625 0.26921178281249997 0.715284390625 0.249863890625 0.711872834375 0.23080107968750002 0.7125014359375 0.20621898593750002 0.716146725 0.1799871875 0.723491015625 0.166046434375 0.7290126640625 0.151423371875 0.7384038875 0.13873509687500002 0.7481362687499999 0.1260468234375 0.7578686484375 0.11626072968750001 0.7681127625 0.11439041718750001 0.770361978125 0.1134788921875 0.77684781875 0.11472553125 0.7768193125 0.1209271265625 0.7699330468750001 0.127128721875 0.7630467765625 0.1346388671875 0.754396296875
1 0.24122707499999999 0.7383461578125 0.2436460875 0.741883478125 0.2456980953125 0.7421718687500001 0.2321530375 0.705712028125 0.2054573453125 0.6907585890625001 0.20329745 0.690455034375 0.2059404265625 0.697151709375 0.1891889328125 0.6984509453125 0.1889988078125 0.6998037578125 0.24122707499999999 0.7383461578125
0 0.39590268281249996 0.8531259546874999 0.40073455312500006 0.8447442390625 0.4004487375 0.8443912875 0.399331503125 0.8442342703125 0.3965187625 0.8472643296874999 0.39491389374999997 0.8513335062499999 0.3929404234375 0.8653754796875 0.39590268281249996 0.8531259546874999
0 0.40706085625000005 1 0.404048925 0.9912610859375001 0.399677640625 0.9858630015625 0.3973629109375 0.9796933359375 0.39273345000000004 0.9673540109375001 0.3892364234375 0.9630355421874999 0.3889782484375 0.9560943015625 0.38568657968750003 0.9498219593750001 0.3880511765625 0.9461195734375 0.3860943515625 0.9271470468749999 0.38496191875 0.9191261921875 0.3839789890625 0.9179123718749999 0.382162525 0.9308371843749998 0.382702953125 0.9406188046875 0.38496781874999997 0.9566605203125 0.39170664843749997 0.97712338125 0.40225054374999997 0.9989739015625 0.40291929218750006 1 0.40706085625000005 1
1 0.43942521875 0.9547391234374999 0.42230993281250007 0.9424140046874999 0.41802453437500003 0.9517314531250001 0.437647959375 0.9673849828125001 0.45609882500000004 0.9560904734375001 0.45830199531250004 0.947472359375 0.4480275609375 0.9499962703125 0.43942521875 0.9547391234374999
0 0.9288079906250001 1 0.9308497250000001 0.9978413312499999 0.9436496375000001 0.9794320734374999 0.9449346171874999 0.976603940625 0.945888309375 0.9745049375000001 0.9459765499999999 0.9736653828125 0.939022271875 0.9705056656250001 0.9369520187500001 0.9702147109375 0.9315655375 0.9722356078125 0.928121325 0.9768122515624998 0.924369071875 0.9843197078125 0.9175833296875 0.9924960609374999 0.915013371875 0.9981523218749999 0.9138333203125001 1 0.9288079906250001 1