1 0.2774449625 0.13859889375 0.2994092234375 0.110921590625 0.2891327921875 0.09971687812499999 0.277610734375 0.10195653906249999 0.25479390468749996 0.1174897 0.2565489796875 0.126518784375 0.27147682500000003 0.13975898125 0.2774449625 0.13859889375
0 0.4 0.20346190625 0.41201320937499997 0.1809915859375 0.43233882812499996 0.1560971375 0.45242065 0.1401257765625 0.4795556140625 0.127472534375 0.511934721875 0.11898096250000001 0.5399693140624999 0.12242585156250001 0.5780094703125 0.13552035 0.6047129171875 0.1550024203125 0.6274936234374999 0.18732545 0.642072890625 0.2256752234375 0.6460224859375 0.326242825 0.6294928390625 0.3592777640625 0.589690021875 0.39435575625 0.57383081875 0.4028522 0.57041135 0.4071610921875 0.5729765718750001 0.4066624640625 0.6073576171875 0.39063031875 0.62080380625 0.38315068750000003 0.6489090890625 0.35132499375 0.66133314375 0.33782333124999997 0.6785283625 0.29676980468749997 0.684808646875 0.2630083421875 0.6821048921875 0.2312338578125 0.680276271875 0.20770481406250002 0.679579909375 0.2041223359375 0.6714483671875 0.180043121875 0.657407903125 0.15465620625 0.6475242375000001 0.1405450515625 0.620099140625 0.1147924390625 0.5924302453125 0.0979629171875 0.5748278625000001 0.08855223125 0.5495677171875 0.08161124843749999 0.5237638984374999 0.078227309375 0.49470290781250004 0.0796657375 0.474082284375 0.0826742421875 0.438628853125 0.0892958671875 0.4136986046875 0.0999248125 0.4105304 0.101402171875 0.4 0.1083528046875 0.4 0.20346190625
2 0.5830260421875 0.46042011406250005 0.5949230921875 0.45810756093749994 0.60307281875 0.4234111546875 0.63121520625 0.416365865625 0.611477321875 0.3896282078125 0.6096431859375 0.3899847265625 0.5968569 0.4107397421875 0.57789769375 0.4137518703125 0.581900409375 0.454629234375 0.5830260421875 0.46042011406250005
1 0.7269659781250001 0.3846886796875 0.7289949109375 0.38429429531250003 0.7229223890625001 0.35305388125000003 0.6943547328124999 0.34517535 0.6645076890625 0.33616082812500003 0.6059167234375 0.2888374078125 0.6054041781249999 0.2889370375 0.6150031921875 0.338319684375 0.6590290734375 0.3666753546875 0.7032709234375 0.3815057546875 0.7269659781250001 0.3846886796875
1 0.5793929 0.4252284109375 0.5779397828125 0.41775277343750006 0.49339065 0.426907634375 0.49219459218750006 0.42714012500000004 0.5000791921875 0.46770287968749996 0.5396696375000001 0.467256 0.5726228796875 0.4608505390625 0.5793929 0.4252284109375
3 0.209480978125 0.9614849421875 0.210444240625 0.9664405 0.2161614484375 0.9680464656249999 0.2196864296875 0.9673612796875 0.2208339015625 0.9659088453125001 0.209480978125 0.9614849421875
0 0.47440405781250006 0.77808873125 0.48603048437499996 0.7848047125 0.501121184375 0.792493809375 0.516211884375 0.8001829046875001 0.5379466921875 0.8057131999999999 0.5625674234375 0.8086382125 0.5873137828124999 0.8038280078125 0.559729415625 0.8049317437500001 0.5341979765625 0.8006350515625 0.507741334375 0.7934908828125 0.46690662187500004 0.767932434375 0.4546873546875 0.7561622625 0.4387193671875 0.73931394375 0.432498971875 0.7284913875 0.43467354531249996 0.73967859375 0.44023741093749996 0.747215609375 0.45119912187499994 0.7583450234375 0.46028647187500005 0.7669353609374999 0.47440405781250006 0.77808873125
0 0.70063301875 0.7444583 0.7149901796875 0.724052925 0.7287544984375 0.6985933546875 0.7352579078125 0.6733942734375 0.737347884375 0.6475304734375 0.738036559375 0.639961165625 0.734856728125 0.6430930828125 0.7338117375 0.6560249812500001 0.732125990625 0.6702144406249999 0.7279011687500001 0.6862782562499999 0.722418790625 0.701701315625 0.7102443875000001 0.7255949234375001 0.6955788265624999 0.7450511437499999 0.681910340625 0.7578872109375 0.6679334499999999 0.7697741234375 0.6561872375 0.7788375171874999 0.637796915625 0.7900597125 0.6264070171875 0.7937605140625 0.6015331265625 0.8010640468750001 0.631212915625 0.7952948796875 0.632078009375 0.7950659874999999 0.6517258890625 0.78448455 0.672963684375 0.7723371546875001 0.70063301875 0.7444583
1 0.535630321875 0.8258875671875 0.5316935796875 0.8293625421874999 0.531886165625 0.8303533078124999 0.5387700046875 0.8323649 0.56566493125 0.82713705625 0.5757478203125 0.8207848125 0.5898580499999999 0.79527991875 0.5960437859375001 0.7846218734375 0.588534040625 0.7860816203125001 0.571345934375 0.8053062296875 0.5597932078125 0.8112942593750001 0.5467930953125 0.8189808640624999 0.535630321875 0.8258875671875
0 0.7453252609375 0.6250814171875 0.7453503125000001 0.6250765484375 0.745090665625 0.620122153125 0.746613853125 0.6110479640625 0.7451286390625 0.5827084015625 0.74427589375 0.578321409375 0.7392280234374999 0.5654638515625 0.7348236265625 0.5576996890625 0.7374436765625 0.5695548593749999 0.7387537015625 0.5754824468749999 0.7392237859375 0.5844521734375 0.7399799796875 0.598881228125 0.7408185796875 0.6031954453124999 0.74241838125 0.60727034375 0.7435067453124999 0.6170248640625 0.7450192171875 0.62480585625 0.7453252609375 0.6250814171875
0 0.7002165171875 0.51875 0.7077648796875 0.526380471875 0.71342493125 0.5293470015625 0.7157375968749999 0.5360142484375 0.7213701218749999 0.5440695468750001 0.72583255 0.5513356046875 0.7281452140625 0.5580028515625 0.7320638859375 0.5572411390625 0.7258600765625 0.5462468375 0.7171256484375 0.5326943890625 0.713234503125 0.5283673328125 0.7081732640625 0.5232510390625 0.7042956218749999 0.51875 0.7002165171875 0.51875
1 0.7330821734375 0.51875 0.7213976499999999 0.538980778125 0.7293978921875001 0.5435257890625 0.74556354375 0.5220832046874999 0.758652553125 0.5266557421875 0.758489653125 0.5205873078125001 0.7561222109375001 0.51875 0.7330821734375 0.51875