1 0.33731465156249996 0.027758428125 0.30871295625 0.03623300625 0.276933296875 0.0680126671875 0.285407871875 0.086021140625 0.3269093046875 0.11461101874999999 0.3395565125 0.112380975 0.3447299046875 0.10720758281250001 0.30447566875 0.0690719875 0.33837397187499996 0.0457669046875 0.33731465156249996 0.027758428125
2 0.47043731875 0.875608309375 0.43759833593749997 0.8766676312499999 0.422767828125 0.868193053125 0.4259457953125 0.8671337328125001 0.422767828125 0.8628964453125001 0.41580079999999997 0.8449812281250001 0.40453954531249997 0.8469668921875 0.40793731875 0.8639557671875 0.4024188171875 0.871839340625 0.4066257859375 0.8956982499999999 0.42382715 0.8830235625 0.463967059375 0.887248815625 0.46410081718749996 0.8872252312499999 0.47043731875 0.875608309375
1 0.43946571093750003 0.8737668296875001 0.46118956093749996 0.8688606640625001 0.46830821250000004 0.866529790625 0.4749380296875 0.8492258171875001 0.4820592265625 0.8286082109375 0.4870939671875 0.8083585031249999 0.4913954578125 0.765649146875 0.4809027046875 0.76104531875 0.475316115625 0.7781653421875 0.46273181093750004 0.8105028796875 0.44610062343749995 0.819889390625 0.42676811406250004 0.8383575249999999 0.42253218593749997 0.8509367375 0.4283606421875 0.8595899953125 0.42842111093749996 0.8660333156250001 0.42688650156249996 0.8695309 0.43946571093750003 0.8737668296875001
1 0.36581975624999996 0.9319304765624998 0.3896930796875 0.914813 0.40626380156249997 0.8989831703124999 0.4007427734375 0.8859730484374999 0.3990872296875 0.8765839906250001 0.40405895625 0.8681776937500001 0.39976510625 0.8560268499999999 0.391419278125 0.8574984453125001 0.38417714531249997 0.8652294109374999 0.3747880875 0.8668849546875 0.368281753125 0.878788834375 0.3622693453125 0.869092346875 0.3504864015625 0.875472653125 0.3331168671875 0.8989729828125 0.3237252640625 0.9189152593750001 0.33028951875 0.931741434375 0.34262431250000003 0.9284908140624999 0.3344598859375 0.9492923687499999 0.3476539578125 0.9448145718750001 0.36581975624999996 0.9319304765624998
0 0.1534422328125 0.8865522531250001 0.1497607 0.8839744156249999 0.1435643421875 0.8732346984374999 0.1355259453125 0.87034943125 0.1323357921875 0.8644579578125 0.1223344203125 0.8565404953125 0.11343674374999999 0.8548824046875 0.1082810671875 0.8622454703125001 0.10864896718749999 0.8643319296875 0.1163799328125 0.8715740609375 0.141107440625 0.889802875 0.1654670484375 0.905945228125 0.1836302984375 0.9113478687499998 0.21903705625 0.916937003125 0.20780850625 0.9081602609375 0.201549134375 0.9092639578124999 0.19387863593750002 0.908465146875 0.18179080625 0.9009155828125 0.170499240625 0.9039822531249999 0.17148200156249999 0.8973549843749999 0.1684757984375 0.8925067406250001 0.1616645796875 0.89048075 0.1589027921875 0.89311905625 0.1534422328125 0.8865522531250001
0 0.37120013125 0.633022903125 0.3708322328125 0.6309364468750001 0.35831603749999996 0.6148571046875 0.3237080921875 0.6015974703125 0.3413169484375 0.6221571593749999 0.350398575 0.624858478125 0.362854303125 0.6344944984375 0.37365448749999997 0.6347414609375 0.37120013125 0.633022903125
0 0.419054975 0.7031082609375 0.426047596875 0.7244642125 0.428993334375 0.7228691359375 0.42304394062500006 0.7013292328125 0.41065122656249997 0.6798498000000001 0.3984424625 0.6594135953125 0.397215284375 0.658554315625 0.392183090625 0.6605172921875 0.4041474375 0.673466946875 0.4117549234375 0.686109171875 0.419054975 0.7031082609375
0 0.609375 0.548449071875 0.61185369375 0.548449071875 0.6245655578125 0.5558643265625001 0.635158778125 0.573872803125 0.6319808124999999 0.588703309375 0.6637604734375 0.59505924375 0.6923621671875 0.6130677171875 0.7098278015625 0.631135615625 0.7177403515625 0.62974041875 0.7175973046874999 0.6289291625000001 0.69659945625 0.590821953125 0.66058250625 0.5601016140625 0.609375 0.5383772171875 0.609375 0.548449071875
0 0.609375 0.8778531125000001 0.6235336359375 0.8784529578125 0.685147134375 0.8557565328125001 0.7309308031249999 0.8164893890624999 0.7437595234375001 0.7916383984375 0.739218709375 0.7902877390625 0.7140551953125 0.8183893484375 0.6857645437500001 0.8287560734374999 0.6588245500000001 0.834581984375 0.6396785375 0.835806615625 0.6386957765625 0.8424338859375 0.6186879390625 0.8631724281250002 0.609375 0.8667259984375001 0.609375 0.8778531125000001
2 0.7580598375 0.7751332390625001 0.805982790625 0.796801715625 0.8144069140625 0.6737663062499999 0.7729221890625 0.6886108296875 0.7580598375 0.7751332390625001
1 0.7808396515625 0.6786094578125 0.8068019765625 0.6428373484375 0.795208075 0.6136874171875 0.7457454203125 0.6320899921875001 0.75629609375 0.6614238734375 0.7711431640625 0.684621865625 0.7808396515625 0.6786094578125