1 0.3467824765625 0.3007820875 0.3326748625 0.272245278125 0.332395278125 0.2682470265625 0.318680978125 0.273223828125 0.3338145 0.318138046875 0.3339114109375 0.3181312703125 0.334553690625 0.3180524078125 0.3481175203125 0.31165514375000003 0.3467824765625 0.3007820875
0 1 0.313039040625 0.9680064046875 0.297336875 0.9346923578125 0.28058185625 0.8980790171875 0.27410205468750004 0.870881125 0.2729905625 0.84003445625 0.2771564734375 0.8076779390625 0.28845911874999997 0.7834577171875 0.30120172031250003 0.754078871875 0.3263584578125 0.73855411875 0.348537521875 0.7260280578125 0.37050689531250003 0.717430353125 0.3911971203125 0.7136906703125 0.40953874062500006 0.7098358874999999 0.43958868281249996 0.7100079 0.4420485890625 0.7128866281249999 0.4698620125 0.7152386859375 0.4796875 0.739689415625 0.4796875 0.7391548578125 0.4720429609375 0.7470536015625 0.441357103125 0.7556024265625 0.40560353437499996 0.770568009375 0.375427965625 0.7870224265625 0.3521794421875 0.8040360140624999 0.336927425 0.8253973406250001 0.3263936375 0.8429700984374999 0.319138128125 0.8746765374999999 0.3129031953125 0.8979460749999999 0.3152938328125 0.92663280625 0.32333236875 0.9453938000000001 0.3330694328125 0.9712006203125 0.3573805625 0.982454384375 0.3746737390625 0.9953367796875 0.400893084375 1 0.414802175 1 0.313039040625
0 0 0.6545698140625 0.006983379687500001 0.6528490031249999 0.029735576562499998 0.6490458546875 0.0498705078125 0.6485926546874999 0.06552121718750001 0.6527281625000001 0.0734774984375 0.6517512546875001 0.083038884375 0.65562490625 0.0955838734375 0.6591322203125001 0.1103621625 0.6643843765625 0.120167775 0.6702471015625 0.1289788515625 0.6762319390625 0.1375457 0.6802277078125 0.14771765312500001 0.6890740375 0.153545125 0.6954252171874999 0.15912836875 0.6997873234374999 0.16867212812500001 0.7117393734374999 0.180065215625 0.73053105625 0.1852821203125 0.7319095578124999 0.18144371875 0.725314153125 0.17265026875 0.7112509203125 0.15293455625000002 0.690452540625 0.14052930624999999 0.6798613671875 0.12091808281250001 0.6681359171875 0.10788463749999999 0.6606504640625 0.079566825 0.6520131078125 0.0660273 0.6486279078124999 0.050620815625 0.6464814703125 0.0354585609375 0.646324103125 0.0214129546875 0.6470391578125 0.0074894609375 0.6487487468750001 0 0.650698859375 0 0.6545698140625
0 0.2043859890625 0.805278565625 0.2069856265625 0.8100070125000001 0.20461259062499998 0.8153460296875 0.20818913593750002 0.8280307624999999 0.2083641296875 0.8047901109375001 0.2059218578125 0.78489940625 0.2037061875 0.7750761671874999 0.1987687640625 0.7595299453125 0.200356240625 0.772458903125 0.199972275 0.7775536921875 0.2005828421875 0.7825263687499999 0.2035488203125 0.790238421875 0.20340907968750002 0.7973222828125 0.2043859890625 0.805278565625
0 0.2049084234375 0.8506432171875 0.20843336406250002 0.8300198312500001 0.2073167140625 0.8291474093750001 0.2045773375 0.8315028203124999 0.2035651734375 0.8397033296874999 0.20154085 0.8561043484375 0.2006684296875 0.8572209953125001 0.20215141874999998 0.8610770249999999 0.1997783796875 0.8664160421875 0.1969168890625 0.8677769171874999 0.1976495703125 0.8737441265625 0.1950323046875 0.8770940734374999 0.1935316890625 0.8813164421875002 0.1876689640625 0.8911220546875 0.1829228890625 0.9018000875000001 0.1780546984375 0.9114835859374999 0.1739368171875 0.9190559 0.168580175 0.9247612578125001 0.17965980312500002 0.9163341484374999 0.1884016453125 0.8970892656250001 0.195014678125 0.8851724703125001 0.201889565625 0.8671663484375 0.2049084234375 0.8506432171875
0 0.1206498640625 0.9619417562500001 0.1054699828125 0.969862784375 0.0859456171875 0.9752886625 0.072510578125 0.9809763921875 0.0804668609375 0.979999484375 0.09402401406250001 0.9753062875000001 0.11143719375000001 0.9691301031249999 0.1276116109375 0.9610869609375001 0.1378188171875 0.9537765 0.1450424171875 0.9468323812499999 0.13745247656249998 0.9507928937500001 0.1206498640625 0.9619417562500001
0 0.0442972515625 0.9814119671875 0.0385742671875 0.9841337187499999 0.0365851984375 0.9843779453125 0.0418021015625 0.9857564468749999 0.047647198437499996 0.9840292312500001 0.0442972515625 0.9814119671875
1 0.22785196718749998 0.8730643265625 0.24716735625 0.8494925875 0.23884473593750002 0.8474858921875 0.231987475 0.8574136171875001 0.21337078593749997 0.8455660546875 0.20454208281250003 0.8476596109375001 0.20862471093749999 0.8562440875 0.2117304296875 0.8568722828125 0.2240135671875 0.8664689203125 0.22785196718749998 0.8730643265625
0 0.6500164125 0.4796875 0.6719453062499999 0.48583236875 0.6907063 0.49556943281250004 0.7165131203125 0.5198805625 0.727766884375 0.5371737390625 0.7406492796874999 0.563393084375 0.7495334234375 0.589892015625 0.75365045 0.6056753390624999 0.7561178375 0.62659626875 0.755306946875 0.6437286359375001 0.748547559375 0.6763437234375 0.741739290625 0.6938954671875 0.735441309375 0.704380371875 0.730562271875 0.7207927625 0.7163376796875001 0.7328364 0.6873992328125 0.7499267359375 0.652903796875 0.7593700484375 0.6344013687500001 0.76769501875 0.6152488593750001 0.7810876999999999 0.61831744375 0.781877578125 0.660796890625 0.7771232953125 0.6665013265625 0.7764228796875 0.6887971562499999 0.7699179984375 0.7051606640625 0.75973369375 0.7246626515625 0.7513388265625001 0.7513223921875 0.73039003125 0.7862303578125001 0.68375319375 0.7923885453125 0.6712691609375 0.8043554359374999 0.6413032796875 0.8079339109375001 0.607301940625 0.807169215625 0.59636628125 0.80272285 0.5601535328125 0.7950172015625 0.536488940625 0.7762283390625 0.49762475312500004 0.751183721875 0.4796875 0.6500164125 0.4796875
2 0.7321736890625 0.7483170234375001 0.710869228125 0.7721329890625 0.6826559015625 0.7725685640625001 0.7018479046875 0.80554559375 0.7200466453125001 0.781101434375 0.7589203796875 0.7934903296875 0.7658821265625 0.792635534375 0.7321736890625 0.7483170234375001
1 0.5296875 0.7619087875 0.56393986875 0.7841164734375 0.54926606875 0.7879372468750001 0.5600485890625 0.801756253125 0.6211684375 0.8144422562500001 0.65212114375 0.811651271875 0.6782232875 0.8104653890625 0.698742184375 0.8049173984374999 0.6830222421875 0.77555216875 0.6386344968750001 0.7840308859375 0.6163883828125 0.783733778125 0.5852090765625 0.7764572984375 0.5662084203125 0.7697045265625 0.5296875 0.7516224656249999 0.5296875 0.7619087875
1 0.7640327953125 0.7857959015625 0.8103580031250001 0.7437648421875 0.8178610859375001 0.7226530015625 0.790677546875 0.7068096718750001 0.7487320734375 0.7351790921875001 0.7351572953125001 0.7479506828125 0.7640327953125 0.7857959015625