3 0.34840547499999996 0.2203125 0.3453125 0.2203125 0.3453125 0.22083855625 0.36005184687499997 0.2234375 0.3756986953125 0.2234375 0.34840547499999996 0.2203125
0 0.3125 0.283011365625 0.3125 0.2832951 0.31680383125 0.284375 0.3263133015625 0.284375 0.3273448734375 0.2817305125 0.3125 0.283011365625
1 0.14127915 0.3656666125 0.1375 0.3792339515625 0.1375 0.386018165625 0.18729671406249998 0.40625 0.1874012671875 0.40625 0.18502806562500002 0.36749449843750004 0.14127915 0.3656666125
0 0.7819641015625 0.2970748921875 0.7901884359375 0.29131615312500003 0.8082245609375001 0.28831734375 0.822383746875 0.28978414375 0.8208566140624999 0.292604403125 0.83255020625 0.30805427500000004 0.8662123218750001 0.29236308125 0.9072785296875001 0.2872460296875 0.9288997 0.2931181140625 0.934375 0.294723375 0.934375 0.29381815625 0.9058671796875 0.2777285703125 0.8630952890625 0.2691568875 0.8120411734375 0.27251280312500004 0.7770859328124999 0.28385660625 0.7576408953125 0.29484574375 0.7400173265625 0.3071858984375 0.7265625 0.32160239062499996 0.7265625 0.33125 0.7304775250000001 0.33125 0.7391391953124999 0.3296876390625 0.7690980453125 0.29995548125 0.7819641015625 0.2970748921875
0 0.662201584375 0.4796875 0.6530194578125 0.4690896578125 0.6437335671875 0.44582557031250003 0.6380906109375 0.425263521875 0.637265496875 0.40658083125 0.6377359453125 0.40975331875 0.638936265625 0.39375 0.637685884375 0.39375 0.63327033125 0.4058763765625 0.6296875 0.43088670156250003 0.6296875 0.4554642515625 0.6303416046875 0.46921031874999997 0.63345803125 0.4796875 0.662201584375 0.4796875
2 0.622846871875 0.260665428125 0.5828125 0.36492925 0.5828125 0.3680994375 0.6280402546875 0.378125 0.6315735734375 0.378125 0.6574958328125 0.2900916953125 0.622846871875 0.260665428125
1 0.695928171875 0.26975904375000004 0.704729284375 0.24390802968749997 0.6898599328125 0.2314846234375 0.66741459375 0.24891038281250003 0.6640625 0.25843971250000003 0.6640625 0.27599391875 0.6707647390625 0.2984375 0.67295038125 0.2984375 0.69475181875 0.2860701421875 0.695928171875 0.26975904375000004
2 0.147001990625 0.8671875 0.1472368609375 0.8635155171875001 0.1184456 0.8399016406250001 0.1230848890625 0.82527200625 0.11879539218749999 0.820396275 0.10369774375 0.8300922859375 0.09958679687500001 0.841725546875 0.0953125 0.8474882328125 0.0953125 0.8600820656250001 0.10041191249999999 0.8604082375000001 0.111690509375 0.8490089796875001 0.138537815625 0.8671875 0.147001990625 0.8671875
1 0.1097526375 0.9703125 0.1165548015625 0.9374218203125 0.1372880875 0.8957645062499999 0.1406035171875 0.89129458125 0.1406035171875 0.8722204421875001 0.13669697812499998 0.8699141656249999 0.1392807921875 0.861101159375 0.1366366484375 0.8585752390625 0.101857521875 0.8689202500000001 0.09768868124999999 0.8867223718750001 0.096875 0.9075726453125 0.096875 0.91309418125 0.09734376875 0.941243309375 0.10157781562499998 0.9697956859375001 0.10450881875 0.9703125 0.1097526375 0.9703125
1 0.1496511375 0.83357500625 0.153549475 0.8483149640625001 0.1603897328125 0.8546875 0.16901336718749999 0.8546875 0.169229053125 0.85456579375 0.1738757890625 0.8412643859375001 0.1800706703125 0.835927496875 0.178744015625 0.8237871984374999 0.18549148124999998 0.8266083484375001 0.1870676015625 0.8294015265624999 0.1942580484375 0.8238711203125 0.1965545921875 0.803794271875 0.198685590625 0.77755051875 0.188398853125 0.7671518828125 0.17092166250000002 0.762283653125 0.171030371875 0.7421875 0.170758459375 0.7421875 0.1535261 0.7790963640624999 0.140625 0.8254119718750001 0.140625 0.829801128125 0.1496511375 0.83357500625
0 0.33079249375 0.7357093750000001 0.3315399078125 0.7305922515625 0.3344721765625 0.728407396875 0.33756368124999997 0.72926096875 0.34497181875 0.7349662671875 0.3530212109375 0.7335288265625 0.3498235453125 0.7306496375 0.355953478125 0.7313439718750001 0.3726361296875 0.7396099875 0.3847898375 0.7389730390625 0.3890533890625 0.74281195625 0.39950194843750003 0.74375 0.40385026562500004 0.74375 0.4082436796875 0.7407906453124999 0.409950821875 0.734607634375 0.4088849328125 0.7336479046875001 0.391348709375 0.7284733953125 0.3596331609375 0.72404199375 0.3393239046875 0.724090765625 0.3151757296875 0.728403090625 0.2953125 0.7334698296875001 0.2953125 0.7379289015625 0.304565621875 0.7391150484375 0.3073386515625 0.7338917671875 0.31538804374999996 0.732454325 0.33079249375 0.7357093750000001
0 0.20225342343750002 1 0.1970746703125 0.9961840765625001 0.185918484375 0.9829994921874998 0.1889610796875 0.9921272812499999 0.1961777390625 1 0.20225342343750002 1
0 0.7150899640625 0.7026451312499999 0.7400018421875 0.713216834375 0.7408824093749999 0.7082228796875001 0.750163425 0.6964713953125 0.7602092265625 0.692063675 0.7695505687499999 0.6916511171874999 0.7903490640624999 0.696348296875 0.8100908734375001 0.707038221875 0.8335774671875 0.725 0.8468959875 0.725 0.85162996875 0.7226014421875 0.8357651 0.707445903125 0.8067398359375 0.690999678125 0.783297196875 0.6837765734375 0.7535095859375 0.6774943703125 0.7111502515625 0.67826403125 0.6792492765625 0.6839673187499999 0.6421875 0.7051975828125 0.6421875 0.70620425625 0.64470659375 0.7046524671875 0.669439921875 0.6987151734375 0.6889452875 0.699064965625 0.7150899640625 0.7026451312499999
0 0.8458459640625 0.9562523453124999 0.877920615625 0.9320424828124999 0.896875 0.9037351171874999 0.896875 0.8995171234375 0.8839109234375 0.91559138125 0.84989658125 0.9332801578125001 0.8315082281249999 0.93827655 0.8078315843749999 0.9382210953125 0.8064226734375 0.946211421875 0.7959667546875 0.9587855843749999 0.7878606421875001 0.969714390625 0.759375 0.9800719812499998 0.759375 0.984375 0.76880380625 0.984375 0.7792261921875 0.9836395703124999 0.8191753859375 0.9731763375 0.8458459640625 0.9562523453124999
2 0.9546875 0.8346377125 0.9301780531249999 0.7550451468749999 0.9292271265625001 0.7550451468749999 0.9015625 0.77900806875 0.9015625 0.81203415625 0.9153695453124999 0.865625 0.9321260671874999 0.865625 0.9546875 0.864156134375 0.9546875 0.8346377125
1 0.9083753328124999 0.707683153125 0.8872655843749999 0.7118362390625 0.8765625 0.7363754218749999 0.8765625 0.7432758234375 0.9009069171874999 0.771875 0.9037927875000001 0.771875 0.9229749828125 0.7343389640625 0.9083753328124999 0.707683153125