3 0.30641232343749997 0.24644197499999998 0.3332591921875 0.26680856406250003 0.3383749265625 0.26553306875 0.338809859375 0.26422827187500003 0.3384754890625 0.2628871890625 0.31179709375 0.2447839921875 0.30683249375 0.24602180625 0.30641232343749997 0.24644197499999998
3 0.0876268046875 0.6612254953125001 0.10004984218749999 0.6631242828125 0.10312519687499999 0.6623575109375001 0.10243203906250001 0.6595774078125001 0.0882658671875 0.6551079890625 0.0876268046875 0.6612254953125001
0 0.3333006078125 0.326094925 0.330565521875 0.33511419062500003 0.33437300937500003 0.334164878125 0.3350622734375 0.3331605796875 0.3333006078125 0.326094925
2 0.8125714375000002 0.5339881234375 0.819206603125 0.532333790625 0.8236929890625 0.5268699406249999 0.8093387546875 0.511053225 0.819119178125 0.507101678125 0.8517968890625 0.479256378125 0.8510842609375 0.4763981859375 0.8486016218749999 0.47025344062499996 0.8482573609374999 0.470339275 0.8035991703124999 0.49403135625 0.7969209187499999 0.48876567968750007 0.7900746265625 0.4915317625 0.787478584375 0.49202182343749995 0.7898086234374999 0.50136709375 0.7926726625 0.5064098140625 0.8027195734374999 0.52282910625 0.8125714375000002 0.5339881234375
1 0.8476252421874999 0.42377264062500003 0.8354996296875001 0.3751394640625 0.8344117046874999 0.3751394640625 0.8270277374999999 0.40362047656250005 0.7994713078125 0.456692121875 0.8056004203124999 0.48127465 0.8330338609375 0.47735558749999996 0.8398183343750001 0.475664028125 0.8449602296875 0.4468694203125 0.8476252421874999 0.42377264062500003
1 0.7455771609375 0.5579092718750001 0.7437888156250001 0.5715461000000001 0.7627108203125 0.587164540625 0.7777494703125 0.589463109375 0.782037628125 0.5899110703125 0.7841719234375 0.58937893125 0.7954732124999999 0.56257598125 0.8021112359375 0.526891396875 0.802330646875 0.526288571875 0.8011722875 0.5216426453125 0.7779741515625 0.4926938484375 0.7708321140625001 0.49447455781249994 0.7684726875 0.49718518125 0.7687896453125 0.502856884375 0.7624144546875 0.5116491890625 0.7608193734375 0.5182124921875 0.7625381515625 0.5243944171875 0.751769384375 0.5212686703125 0.7490894375 0.53299345625 0.7455771609375 0.5579092718750001
0 0.6035596906249999 0.6252438031249999 0.60112533125 0.6216396359374999 0.5881517875 0.635342025 0.5802218890624999 0.6382282703125 0.5771570765625 0.6359761203125001 0.569948740625 0.6408448390625 0.5697716609375 0.6412245875 0.60100675625 0.6334368031250001 0.625097228125 0.61964988125 0.654378809375 0.592154003125 0.6660506671875 0.5738994671875 0.6656353546875 0.5722337375000001 0.6464883218749999 0.577007628125 0.6427500015625001 0.5817933859375 0.6304980171875 0.5974782484375 0.6253632625 0.6049598984375 0.6205892890625 0.613432784375 0.6181549296875 0.60982861875 0.6115770515625 0.6133453203125 0.6085158734375 0.6234399015625 0.6035596906249999 0.6252438031249999
0 0.666676015625 0.5764076015625 0.6666233390625 0.576196328125 0.6666307921875 0.576469140625 0.666676015625 0.5764076015625
0 0.53057733125 0.649573515625 0.5310522765625001 0.6508784140625 0.5465885515625 0.6470047859375 0.53057733125 0.649573515625
0 0.5764899578125 0.2963649734375 0.5813496078125 0.29841476093749997 0.584422915625 0.29329991875 0.5759795734375001 0.2943179359375 0.5764899578125 0.2963649734375
0 0.6337932484375 0.3038205625 0.6547712546875 0.3051130296875 0.667308671875 0.30307424374999997 0.664754003125 0.2971883234375 0.6501722984375 0.295388225 0.6320096578125 0.2923066640625 0.618706665625 0.291274890625 0.6077059031250001 0.2907562546875 0.6243318921875 0.2963952359375 0.6337932484375 0.3038205625
0 0.70056065 0.314352209375 0.698003228125 0.3128155546875 0.6959534390625001 0.31767520625 0.7243430140625 0.3312526484375 0.7529795296875 0.358901409375 0.726392803125 0.326392996875 0.7049099156249999 0.314354959375 0.70056065 0.314352209375
0 0.35 0.8183574453125001 0.33989889687499997 0.81576001875 0.3082533265625 0.7967726749999999 0.301924209375 0.8031017890625 0.286101425 0.8115406093749999 0.2692237890625 0.8094309031250001 0.25340100625 0.797827528125 0.24285248125 0.7925532671875 0.21949036249999998 0.7648648328125 0.2037644234375 0.7687857484375 0.20804235468750001 0.77673048125 0.2291394 0.7988823796875 0.260784971875 0.8210342781250001 0.323413446875 0.8387945921875 0.35 0.8321658203125001 0.35 0.8183574453125001
2 0.7009044687499999 0.759375 0.6968915453125 0.776411384375 0.7528843859375 0.7653397578125001 0.7513972046874999 0.759375 0.7009044687499999 0.759375