0 0.21061401562499998 0 0.1911147875 0.019999965624999998 0.1684577875 0.0459048703125 0.155296846875 0.083017575 0.14560326875000001 0.1340937890625 0.1490016609375 0.15003237656249999 0.15499587343750001 0.1482642078125 0.1690502953125 0.17050738125 0.17598501875 0.198434396875 0.1799351796875 0.198572340625 0.1836564859375 0.176949909375 0.1811076921875 0.16499596875 0.17999475468749998 0.1402384875 0.1819134078125 0.11360938437500001 0.19071035625 0.0882092203125 0.2013444453125 0.0668281890625 0.2177658328125 0.049604234375 0.2360933296875 0.03442433125 0.2583020171875 0.021357451562499997 0.2801658453125 0.0181659734375 0.3099299984375 0.0152503828125 0.3314489734375 0.021934309375 0.3547361140625 0.03461245 0.3786314515625 0.0581880203125 0.3927203578125 0.0794436515625 0.4017336203125 0.1044770171875 0.40461472499999995 0.1352287109375 0.403373240625 0.1707801625 0.39419694843749997 0.20704327031249997 0.38165675 0.22638024843750001 0.3671759578125 0.24466071562499997 0.3675427578125 0.262470928125 0.35848246562499997 0.267098259375 0.3583799203125 0.27003478125 0.36073259375 0.270449621875 0.3755120515625 0.2607717328125 0.3917954953125 0.2474979390625 0.41322355625 0.2284713296875 0.42487967031249996 0.20613724531250002 0.4346000390625 0.1882829203125 0.446221159375 0.12237627656250001 0.4462074203125 0.10504133125 0.43750452968750003 0.07112010468749999 0.4245755921875 0.04496125625 0.402793278125 0.0175044953125 0.37982466718749996 0 0.21061401562499998 0
2 0.2169920609375 0.296841525 0.21110724374999998 0.3551289203125 0.2289600703125 0.35827685625 0.2565457140625 0.35225976718749996 0.2588290671875 0.3393102234375 0.236673896875 0.2941767328125 0.2169920609375 0.296841525
1 0.30255804999999997 0.3414088375 0.34068718750000004 0.3249737015625 0.3407899640625 0.324390821875 0.3178758953125 0.3270315015625 0.2955292671875 0.3100144609375 0.2693014484375 0.29511044375 0.2579674234375 0.3082045375 0.2573554921875 0.3116749734375 0.2621931609375 0.33875108125 0.294105009375 0.3443780015625 0.30255804999999997 0.3414088375
1 0.229769365625 0.29716016875 0.23028202343749998 0.29425274218749997 0.22316084531249997 0.2946259453125 0.1958410703125 0.30199470625 0.15369810625 0.2891238921875 0.1535806328125 0.28979011093749996 0.190540928125 0.314146453125 0.2100653796875 0.3216265265625 0.21845297656249998 0.3231054859375 0.229769365625 0.29716016875
0 0.19483273750000002 0.26182285312500003 0.227985496875 0.26228660000000004 0.22897928125 0.2566505640625 0.224433503125 0.25328332656249997 0.189098259375 0.2608117109375 0.19483273750000002 0.26182285312500003
2 0.9706406859375001 0.144021275 0.9470312671875 0.14840930000000002 0.9456810156250001 0.15606695937499998 0.961410665625 0.2141141421875 0.9767471421874999 0.21681837656249997 0.980984209375 0.21679688437500003 0.9835912671875 0.202011525 0.9706406859375001 0.144021275
1 0.7828893046875001 0.10751210781250001 0.783471075 0.11136709375 0.7799692265625 0.1243430609375 0.823674946875 0.15841163125 0.8594137640625 0.17074367031249998 0.9075358796874999 0.1792288984375 0.912428178125 0.1800309125 0.9401482796874999 0.1810403984375 0.9503360375 0.17465740937500002 0.953738715625 0.1553598625 0.9519172484375 0.14997833124999999 0.9182029343749999 0.1472006828125 0.87352221875 0.14183975625 0.8494763937500001 0.132792009375 0.812282171875 0.1153047125 0.8001902890625001 0.10880575625 0.7855482125 0.0924326921875 0.7828893046875001 0.10751210781250001
0 0.773304384375 0 0.7771185984375 0.0368412421875 0.7925885234375001 0.06769444687500001 0.8169395421875001 0.0980822125 0.8490814328124999 0.1260826796875 0.8715147859375 0.138759971875 0.9004472937500001 0.15100671875 0.9259371359375 0.155501265625 0.965514034375 0.157581640625 0.9613600203124999 0.15384135000000002 0.9377847328125 0.1382554078125 0.9139983890625001 0.1375230015625 0.8825805125 0.123337565625 0.8695971218749999 0.12104950156250001 0.8492449703125 0.09144166249999999 0.8335681859375 0.0566413078125 0.8259925640624999 0.025374384374999996 0.8246627484375001 0 0.773304384375 0
0 0.35202538906249997 0.8189596234375 0.35183101875 0.796211709375 0.34789340156250004 0.7674006109375 0.33537829218750004 0.7293912796875001 0.326192603125 0.7092956140625001 0.3138718625 0.6940341953125 0.3063508828125 0.6828953656250001 0.2881049 0.667427034375 0.2563782109375 0.6416004984375 0.25230691875 0.6386760484375 0.2510126125 0.638447828125 0.2560678390625 0.6504883609375 0.27008777500000003 0.6737190734375 0.28932129687499997 0.6892218921875 0.30905956093750003 0.7185847625 0.3211389 0.7407589625 0.32079404375 0.750634365625 0.318301678125 0.7653785015625 0.3141665421875 0.7988514140625 0.3061502203125 0.8302113062500001 0.2812422515625 0.8639475624999999 0.26175478750000003 0.88403068125 0.23235743125 0.9047564859375001 0.20023885625 0.9184660499999999 0.1585552484375 0.9229428921875 0.1281484125 0.9159485953125 0.09808643125 0.8990788953125 0.07796882656250001 0.8805789687499999 0.05918361875 0.8522381265625001 0.050239328125 0.8252296796875 0.0485526765625 0.788587228125 0.0513899 0.76396769375 0.05947519531249999 0.7306327203125 0.0705231109375 0.69740120625 0.0861983578125 0.67322998125 0.1096014984375 0.6542723453125 0.1327287546875 0.6432150328125 0.1556835828125 0.6370954203125 0.1745847921875 0.6338004859375 0.180613490625 0.6310447796875 0.172747653125 0.629781353125 0.13797682656250002 0.6344995984375 0.10395214374999999 0.6461651078124999 0.07768983593749999 0.6620566671875 0.059396826562500005 0.67624903125 0.042940953125 0.6944605265625 0.023958228125 0.728403696875 0.012979284375 0.7596601296875 0.0067311265625 0.7970142359375 0.010599771875 0.8278004140625 0.0212087734375 0.8637656937500001 0.0407401203125 0.8990538062500001 0.0540139140625 0.91533725 0.09060933593750001 0.9433112953125 0.13074559531250002 0.9666164203125 0.171793609375 0.97385429375 0.18734125937499999 0.9763515875 0.22405267968749998 0.9726898546874999 0.2692506796875 0.9525158218750001 0.2976949796875 0.9307679921875 0.3203519796875 0.904863090625 0.3350396875 0.8806573796875 0.34601863125 0.8494009453124999 0.35202538906249997 0.8189596234375
2 0.2763785515625 0.5908846078125001 0.27326999218750003 0.590336484375 0.2510387265625 0.611625953125 0.22434064999999997 0.6115695265625 0.2341612828125 0.6342118953125 0.24506233281249998 0.63613404375 0.2508443546875 0.6343738671875 0.2611670828125 0.63657485625 0.2629189375 0.6365136796875 0.2763785515625 0.5908846078125001
1 0.23391059531249997 0.6167926343750001 0.22025321875 0.5827934124999999 0.206296490625 0.5803324640625 0.156720315625 0.5866603593749999 0.1559599453125 0.5909726296875 0.1655305921875 0.6205238484375 0.2096223375 0.6282984125000001 0.232426225 0.6252109140625001 0.23391059531249997 0.6167926343750001
1 0.370613065625 0.7598146874999999 0.3720669640625 0.7600710484375 0.3753694328125 0.7413418234375 0.364163571875 0.7243894765625 0.37916935937499996 0.719791365625 0.3792937796875 0.719085746875 0.33125014531249997 0.6627865 0.27817884375 0.63192490625 0.26820753124999996 0.6304684828125 0.2678784265625 0.6311073031250001 0.262900746875 0.6593371265625001 0.3179997859375 0.693165875 0.341523359375 0.7077650296875 0.370613065625 0.7598146874999999
1 0.7965374375 0.9760656703125001 0.798121684375 0.9670809609374998 0.759482515625 0.959087059375 0.7176927546874999 0.9373198265625 0.7170630546875 0.9408910390624999 0.717432109375 0.9457536921875 0.7478552781250001 0.9734503359375001 0.7517885578125 0.9741438796875 0.770919171875 0.9713513718750001 0.7965374375 0.9760656703125001