1 0.1866792515625 0.035423826562499997 0.1830331140625 0.0259253109375 0.15175616249999999 0.01861258125 0.1516507140625 0.018653057812500002 0.14802829687500002 0.0650597734375 0.1572599890625 0.07070176875 0.1666115703125 0.06905283281249999 0.18870020625 0.046885228125 0.1866792515625 0.035423826562499997
0 0 0.25709135625 0.00686903125 0.2558801609375 0.0154933109375 0.252710490625 0.042030546875000005 0.24354945468750003 0.060688404687499996 0.23260623906250003 0.082086665625 0.2134906875 0.09677737812500001 0.1964258375 0.1047605390625 0.1814116921875 0.11274370156249999 0.1663975453125 0.1184381171875 0.15417871562500002 0.1236259640625 0.136875821875 0.12615275625 0.12457764375 0.1287589 0.1091118421875 0.1290762921875 0.09644135781249999 0.12907205625 0.0956345796875 0.12837151875 0.0916616265625 0.124614871875 0.092324025 0.1254570171875 0.1017390296875 0.12202691562500001 0.12479124999999999 0.11875550937499998 0.14150823125 0.099890084375 0.1860441015625 0.0822453609375 0.20715544375 0.06372176562500001 0.225392125 0.035695306249999996 0.243390759375 0.0024505203125 0.2546024984375 0 0.255351696875 0 0.25709135625
1 0.0831820015625 0.2509659109375 0.07009394687500001 0.249417728125 0.055003103124999994 0.24793948124999998 0.041950015624999996 0.24739269218749999 0.0142824671875 0.23553372343749998 0.00739535 0.2367481078125 0.0208508109375 0.24612426250000002 0.0445123140625 0.2633450515625 0.06605233906249999 0.2660704 0.079408590625 0.26371533281250004 0.0785596984375 0.262156090625 0.0859004046875 0.2557095265625 0.0851672359375 0.251551515625 0.0831820015625 0.2509659109375
1 0.7690348640625 0.5796875 0.7689966531250001 0.5794707921875 0.7556285703125 0.5550494968749999 0.7527196578125 0.5555624171875 0.7446818109375 0.56651873125 0.745074940625 0.5796875 0.7690348640625 0.5796875
1 0.1724674578125 0.778899084375 0.21060368281250003 0.766406540625 0.216218446875 0.7537955734375 0.216158178125 0.75345376875 0.1728448171875 0.7519219390625 0.15421126406250002 0.75370823125 0.148173134375 0.746366428125 0.1359367953125 0.7564299765625 0.1474275515625 0.786364421875 0.136554925 0.8212935218750002 0.15368038906249998 0.818273840625 0.1724674578125 0.778899084375
1 0.9396801265625001 0.764245690625 0.9343524203125 0.7539411953124999 0.9194247640625001 0.7565733437500001 0.9010499843750001 0.763013615625 0.9036207828125 0.792078940625 0.91576458125 0.806403459375 0.9291836968750001 0.80403730625 0.9304105921874999 0.8035663453125 0.9432074937500001 0.7804513453125 0.9409191359375001 0.767473421875 0.9396801265625001 0.764245690625
1 0.7582876203125 0.9414335156250001 0.7700178015625 0.9320017296875001 0.76955925 0.92940115 0.7690661000000001 0.9287081171875 0.7365659250000001 0.9355010546875 0.70311459375 0.9405804671875 0.7032690328125 0.941456328125 0.7117864390624999 0.9504114156250001 0.7144701015624999 0.9561326000000001 0.74746860625 0.9503140734375 0.7582876203125 0.9414335156250001
0 0.8382711953124999 0.878778925 0.829538409375 0.8871048 0.8217720484375001 0.8943943109375001 0.8110714421875 0.9037915171875 0.8032351406250001 0.9090782390625 0.7903918703125 0.9145398109375 0.7746143578125 0.9221090750000001 0.7607347265625 0.9266042234375 0.7417781875 0.9292714296875 0.725825828125 0.9318337296875001 0.7047615921875 0.9315666921875 0.6876329921875 0.9291569921875 0.67450996875 0.9266074156249999 0.6511631890625 0.9183991671874999 0.6429422234375 0.9126705625 0.62456744375 0.9032860765624999 0.6133073296875 0.8966609859375 0.600836003125 0.8840625 0.592440190625 0.8733269265625001 0.5788625609375 0.8577592296875001 0.5705716578125 0.8500278375000001 0.5748569890625 0.8578991078125 0.583287771875 0.869636078125 0.5927199468750001 0.8813380765625001 0.605226240625 0.8949379531249999 0.622669565625 0.9063601968749999 0.6339296812499999 0.9129852875000001 0.6451548265625 0.918608984375 0.6594191234375 0.9251291687500001 0.6756862078125 0.9315794125 0.7001307578125 0.9370140640625 0.7270152171875 0.9360752359375001 0.737498815625 0.934619371875 0.7518293359375 0.9320925140625 0.76974726875 0.9262894984375001 0.7806576921875 0.922900653125 0.7993694453125 0.9132236921875 0.819047621875 0.90251036875 0.831681075 0.8910404359375 0.8490767109374999 0.8723859 0.8624667703124999 0.8538712437499999 0.8727827125000001 0.8334587062499998 0.8774050156250001 0.8222685296875 0.8809839296875002 0.8054832843749999 0.8799716437499999 0.7997423328125001 0.879674840625 0.8011343562500001 0.8751924125 0.81633010625 0.87250295625 0.8254475578125 0.867845684375 0.8356363421874999 0.8621870140624999 0.84586009375 0.8574947734375 0.8550474828125001 0.8478655015625 0.86641250625 0.8382711953124999 0.878778925
0 0.5651675562499999 0.71232879375 0.5672127390625 0.7086391890625 0.56557273125 0.6993382453125 0.560762425 0.7115071765625001 0.55885690625 0.73394364375 0.5594301390625 0.757754109375 0.5599774078124999 0.7596626546875 0.56076788125 0.7595232734375 0.5625819921875 0.7432993359375 0.5642182734375 0.7271943750000001 0.5651675562499999 0.71232879375
0 0.6200525812500001 0.6803393234375 0.6234161703125001 0.6850125265625 0.6264175671875 0.6844832984375 0.6261804984375 0.6831388140625 0.612816634375 0.669009571875 0.5950918515625 0.6537446250000001 0.5769989828125001 0.64456350625 0.5660678359375 0.641180046875 0.5644657515625 0.6414625375 0.5700233781249999 0.645296671875 0.5794109609375 0.648340090625 0.5850219640625001 0.6537954890625001 0.594514290625 0.6578354234375 0.6043208265625 0.6648649015625 0.6057362953125 0.668746221875 0.6110330828125 0.6712120781250001 0.6200525812500001 0.6803393234375
0 0.6698226937499999 0.606715165625 0.661115746875 0.6053812859375001 0.6602416609375 0.6055354109375 0.667312396875 0.6074618578125001 0.6698746906249999 0.60701005625 0.6698226937499999 0.606715165625
0 0.6904902093749999 0.5998106890625 0.7155077343749999 0.597434346875 0.7440075921875 0.5974963609375 0.7501022781250001 0.597439165625 0.7408732515625001 0.5970315671875001 0.7222412078125 0.59522959375 0.7021575890625 0.5967359531249999 0.6903162140625 0.5988239078125 0.673888925 0.60375540625 0.679170821875 0.6048589875 0.6904902093749999 0.5998106890625
1 0.5699788625 0.6780379375 0.583214615625 0.6665469640625 0.5602898625 0.6461701390625001 0.535851521875 0.6576015078124999 0.5413646125 0.6657865546874999 0.556805121875 0.6610290546875 0.5699788625 0.6780379375