1 0.4231424671875 0 0.42061600625000006 0.011785378124999999 0.42002622343749996 0.0362831546875 0.4274984984375 0.0417087109375 0.4316162 0.042360890624999994 0.46294447656250004 0.02499534375 0.502015809375 0.038343814062499995 0.50754624375 0.030277378124999997 0.5090755765625 0.0280467640625 0.509168584375 0.0274595328125 0.46211034375000004 0 0.4231424671875 0
0 0.9076590687499999 0.3296875 0.9197702781249999 0.315235365625 0.9261516359374999 0.30789584531249997 0.9196690796875 0.302693996875 0.9108781046875001 0.30547675625 0.903690384375 0.317907453125 0.8954338265625001 0.3239061921875 0.8924326062500001 0.3296875 0.9076590687499999 0.3296875
0 0.6695815078125 0.1023421296875 0.6762854109374999 0.0929661390625 0.6740876671875 0.0936618296875 0.6513544703124999 0.1119805921875 0.6377347906249999 0.12548012343749998 0.6367671546875 0.1315895359375 0.6448624374999999 0.1266090328125 0.6504374328125 0.12436069062499999 0.65751448125 0.11921891250000001 0.6652366203125 0.11000419531250001 0.6695815078125 0.1023421296875
0 0.29833195468749996 0.47596824687500006 0.29787048125000004 0.4693407734375 0.296388215625 0.46891573906249995 0.28195924375 0.47160694062499997 0.287100321875 0.48088168906249995 0.2871676640625 0.48090099999999997 0.2908313515625 0.4814812703125 0.2975671703125 0.480796903125 0.29833195468749996 0.47596824687500006
1 0.3629575421875 0.5458277671875 0.36933889999999997 0.5384882484375 0.35808771093749997 0.5304435640625 0.350707065625 0.49796122968750006 0.341432275 0.503798696875 0.3479559578125 0.5351015218749999 0.3629575421875 0.5458277671875
3 0.35644333281249996 0.49469465156250003 0.3680676671875 0.50697355 0.3740252796875 0.48912913125 0.35361944843750004 0.4598027015625 0.34429405625 0.4593694828125 0.3473582375 0.4400230109375 0.3395854984375 0.44296704375000007 0.3286568546875 0.4328858890625 0.343275821875 0.4592082109375 0.35644333281249996 0.49469465156250003
0 0.7721928421875 0.4594298140625 0.7721785359375 0.47444034375 0.7687542828125 0.501342771875 0.7656141921875 0.5272542046875 0.754546171875 0.5508923421875 0.7396598421875 0.569145703125 0.730019784375 0.5803236171874999 0.731003621875 0.5881130453125 0.7283148109375001 0.5862695671875 0.7100328390625 0.6014042953125001 0.6884937328125 0.6166775265625001 0.660301846875 0.628970634375 0.6499621125 0.6313681328125 0.6488254640625 0.6353320984374999 0.6452234828125001 0.636261321875 0.644171778125 0.6429015265625 0.6464984874999999 0.6432700406249999 0.6465521671875 0.6432600296875 0.6675157984375 0.637474040625 0.6969828359375 0.6244741046875 0.7244750453125001 0.603400584375 0.7359585796875 0.58953385625 0.7514132359375 0.5692985125 0.7663365171875001 0.5407936687499999 0.7805175828124999 0.45125794374999995 0.7768922453125 0.431820559375 0.768271790625 0.4132615796875 0.769823953125 0.41906902187500006 0.7717916312499999 0.43464787656250004 0.7699410015625 0.44484195312499997 0.7699338453125 0.45234721718749993 0.7648332328125 0.45517453593749996 0.7721928421875 0.4594298140625
0 1 0.5692881125 0.992633225 0.584809815625 0.9882883390625 0.5924718796875 0.9787416015625 0.6066165015625 0.97578809375 0.6186740546875 0.974659184375 0.625801703125 0.9701530249999999 0.634482003125 0.948599334375 0.651943803125 0.939858959375 0.66099725 0.926027409375 0.66924433125 0.9285982984375 0.6727828546875 0.9385687796875001 0.6691431328125 0.970042353125 0.6417709234375 0.9824319234375001 0.6228576703125001 0.9938538593749999 0.6100538265625 1 0.5952671703125001 1 0.5692881125
0 0.8893614609375 0.68326880625 0.890752840625 0.6876642921875 0.8812661765625001 0.6882493109375 0.8751567640625 0.687281675 0.87842334375 0.6930179421875 0.8980417609375 0.6877749671875 0.9081735156249999 0.6831170078125 0.9076391000000001 0.6799010296875 0.9015296875000001 0.6789333937500001 0.8893614609375 0.68326880625
1 0.8409004328125 0.705862909375 0.8307180781250001 0.704250184375 0.8530591828125 0.7213577859375 0.8763679249999999 0.732355978125 0.8687153328124999 0.7081808 0.9011976671875 0.7008001546875 0.8925173671875001 0.6962939953125 0.8652368828125001 0.6971920828125 0.8560727640625 0.6957406296875 0.8409004328125 0.705862909375
1 0.7939920546875 0.7318342640625 0.7709457875 0.7323592078125001 0.7872881515625 0.7412102546875 0.8005758125 0.7495774843749999 0.8392181578125001 0.749435159375 0.8434017718749999 0.7427913296875001 0.8781324484375 0.7409856796875001 0.8789388125 0.735894503125 0.84276615625 0.72703398125 0.831141821875 0.7147550828125 0.8261613171875 0.7066597984375 0.8325426765625 0.6993202796875 0.8274514984374999 0.698513915625 0.7997978703124999 0.695177790625 0.771448553125 0.6896439203125 0.7987701609375 0.7148468078125 0.7939920546875 0.7318342640625