0 0.078310571875 0.2308400078125 0.06616126875 0.2640489515625 0.06316365625 0.28537808125 0.0633276734375 0.2885077140625 0.06845751875 0.2864616453125 0.0726232 0.3002807234375 0.0761035921875 0.3262191421875 0.0728444265625 0.3349228390625 0.0768536265625 0.3426120953125 0.0809869390625 0.3421750234375 0.0883632328125 0.3259061796875 0.0921835828125 0.31320946875 0.0924318015625 0.2969568125 0.0972342171875 0.277272321875 0.1074487953125 0.25529454375 0.124494665625 0.22816901406249998 0.14313234531250002 0.21144691718750003 0.15879144843749998 0.20143200156250002 0.1770244265625 0.194832740625 0.2002486765625 0.188934953125 0.23175573593749998 0.189291096875 0.2645740109375 0.2020471734375 0.2861309015625 0.215256509375 0.29985823906250003 0.2334733046875 0.3098731515625 0.24913240781249998 0.3163321203125 0.268363640625 0.32154461562500003 0.30370723437499997 0.3210158046875 0.3219563984375 0.315371615625 0.3476304140625 0.30319290312499997 0.38358374687499996 0.28870472187499996 0.40699684999999997 0.2724844359375 0.42100478125 0.2569656296875 0.4300214390625 0.25142936250000003 0.4404410515625 0.2470174375 0.4519377390625 0.2607652796875 0.45121724375000005 0.2644228515625 0.4493929671875 0.279380478125 0.444369325 0.301870878125 0.42920666093750004 0.32250506562500003 0.41276514999999997 0.33813179843749996 0.3884940890625 0.349781696875 0.37078992187500004 0.3621330765625 0.34809448125000003 0.3664822359375 0.31714860312500004 0.3659804203125 0.2845029953125 0.3629532859375 0.269825959375 0.357492571875 0.250735025 0.34688410625 0.22481278906250002 0.323141853125 0.1909368921875 0.301007596875 0.1745924984375 0.281026328125 0.1646585140625 0.2512960078125 0.1523618671875 0.2214746109375 0.14817074375 0.18075861875000002 0.1503045796875 0.15711871093750002 0.15538820625 0.1252231375 0.172282971875 0.10246833125000002 0.19657021875 0.078310571875 0.2308400078125
0 0.30545803125000004 0.42859185 0.3221869953125 0.44486897968749994 0.32395240625 0.444776459375 0.31275737656249997 0.427831690625 0.306111215625 0.41598323437499996 0.30402369687499997 0.4160926375 0.299091471875 0.4182567125 0.295402215625 0.417606196875 0.2954161546875 0.4178721578125 0.30545803125000004 0.42859185
2 0.267455265625 0.4741908078125 0.259835203125 0.5151821437499999 0.2606651953125 0.5310193484375 0.2640511953125 0.5308418953125 0.309539978125 0.5134422109375001 0.278568078125 0.47604820468750003 0.2695495625 0.4740810515625 0.267455265625 0.4741908078125
1 0.263465003125 0.49487727656249997 0.26313664531250003 0.48861185156250003 0.2475827953125 0.4749087703125 0.2233593453125 0.49021593281250003 0.2117567609375 0.50199456875 0.17314271406249998 0.5030264609375 0.17327651875 0.5055796046875 0.1772643671875 0.509947053125 0.21730868281250001 0.5207744125 0.25555870625 0.5187698140625 0.263465003125 0.49487727656249997
1 0.3602121984375 0.4729980125 0.312650940625 0.47738920937499996 0.2833660421875 0.4609852984375 0.280472478125 0.46113694375 0.28072111718750004 0.4658812515625 0.3270191890625 0.502507575 0.33542551249999997 0.5020670171875 0.3602121984375 0.4729980125
0 0.7087821734374999 0.33361910781250004 0.7186293609375001 0.31959366718750004 0.725904884375 0.3070923609375 0.7255536734375 0.30039085625 0.7202264390625001 0.306586509375 0.7208584328125001 0.3097110125 0.7184887765625 0.31246696093750004 0.705903375 0.33225 0.6974252953125 0.3433966421875 0.6951544703125 0.34729853125 0.6953644703124999 0.3513055734375 0.6956547296875 0.3512903625 0.69656533125 0.35040049687499997 0.701427496875 0.3438880515625 0.7087821734374999 0.33361910781250004
0 0.7119843734375 0.2355039453125 0.711670953125 0.24447913125 0.7123847703124999 0.25809956562499997 0.7127577578125 0.2580800171875 0.713260475 0.2567307671875 0.7135419234375 0.24867116406249998 0.7146900984375 0.24467654374999998 0.71514745 0.23157968750000002 0.71726789375 0.22862769843750003 0.716506709375 0.2215403640625 0.718627153125 0.218588375 0.72102904375 0.20757678125 0.7222827609375 0.200559809375 0.7232391671875 0.19651706093750002 0.7230752265625 0.1933888859375 0.7229577468749999 0.1933950421875 0.721416034375 0.19649482812500002 0.7179715109375 0.20847868906250003 0.7145269890625 0.22046255312500002 0.7119843734375 0.2355039453125
0 0.7125027515625 0.2603507734375 0.7129505515625001 0.2688953 0.7140131125 0.2636550109375 0.7125027515625 0.2603507734375
0 0.7130633734374999 0.2710480703125 0.71410204375 0.290867096875 0.71664919375 0.29073360625 0.715359575 0.28286693125 0.7130633734374999 0.2710480703125
0 0.6313568640625 0.110373671875 0.63257458125 0.1143476453125 0.64613628125 0.1227219390625 0.6523346531249999 0.1254254390625 0.66711406875 0.13777370625000002 0.672305759375 0.1405299640625 0.675536840625 0.14439842187500002 0.6798273625 0.14922080625 0.685282840625 0.15701047968749998 0.69028374375 0.1599786265625 0.6894150890625 0.1588128140625 0.6785568875 0.1442401484375 0.6743191234375 0.1404244484375 0.6700813609375 0.13660874843749998 0.660546390625 0.1280234234375 0.6522291375 0.1234120734375 0.6406808015625 0.11493226406249998 0.6313568640625 0.110373671875
1 0.7621343703125 0.2751260609375 0.7648906296875 0.26993437187499997 0.7605516296875 0.2449255703125 0.751333209375 0.24238034531250002 0.7530785046874999 0.25642114843749997 0.73024134375 0.26367467968749997 0.7310327140625 0.2787749265625 0.7621343703125 0.2751260609375
2 0.098796884375 0.9031240671875 0.0857221703125 0.8844514406249999 0.0120173140625 0.9191619609374999 0.0124296640625 0.9270300562500001 0.015821807812499998 0.9358836296874999 0.0186376609375 0.9357360578125 0.0989488515625 0.9060237765625001 0.098796884375 0.9031240671875
1 0.7066467078125 0.8565363890625001 0.71271085625 0.862962465625 0.7172176546875 0.862726275 0.7306965437499999 0.8375210062499999 0.7423044437499999 0.8192608609375001 0.742119234375 0.815726853125 0.7170609453125 0.7969217359374999 0.70307379375 0.794623175 0.675378125 0.79607464375 0.6753790265624999 0.79609185625 0.6822947171875 0.8052692875 0.720978409375 0.826993465625 0.7066467078125 0.8565363890625001