0 0.1661494734375 0 0.1652763609375 0.0008731125 0.1496513609375 0.0196231109375 0.13923469375 0.0383731125 0.1277763609375 0.0633731125 0.122568028125 0.0842064453125 0.119443028125 0.10295644531249999 0.119443028125 0.1279564453125 0.12360969375 0.1529564453125 0.128818028125 0.1696231125 0.13506802812500002 0.1904564453125 0.1496513609375 0.2154564453125 0.15765734843749998 0.22346243437500002 0.158231365625 0.2235431078125 0.1621513609375 0.21962311250000002 0.1527763609375 0.20295644531249998 0.1527763609375 0.1987897796875 0.1465263609375 0.1904564453125 0.14235969375 0.1789981125 0.13610969374999998 0.1581647796875 0.128818028125 0.12795644374999998 0.128818028125 0.1112897796875 0.125693028125 0.1112897796875 0.131943028125 0.1050397796875 0.131943028125 0.0935814453125 0.1340263609375 0.0696231125 0.13923469375 0.0581647796875 0.14548469375 0.0414981125 0.1559013609375 0.023789779687500002 0.175693028125 0.0019147796875000002 0.177259665625 0 0.1661494734375 0
0 0.3962939640625 0.2850318140625 0.3948931109375 0.2809717890625 0.3924545578125 0.2770025515625 0.3855928296875 0.2702833578125 0.37354258906250004 0.2640180953125 0.36780935000000003 0.258245815625 0.349935084375 0.24517057343749998 0.34957193593749997 0.2410197609375 0.344020271875 0.23732288437500001 0.33697697187500003 0.2285282828125 0.3269503921875 0.209538228125 0.32973939375 0.1936095375 0.3254070078125 0.19189728125 0.3237855390625 0.19726736875 0.3204508390625 0.1876025609375 0.318016175 0.2049261 0.3215803015625 0.2079167578125 0.32587364375 0.22113453437500002 0.34059575937500003 0.24598765781249998 0.35477315 0.2646145640625 0.3717912875 0.279856 0.39485406875 0.2924773078125 0.42630925937499997 0.30541001875 0.4386372234375 0.30870939218750004 0.44375837812499996 0.30942912499999997 0.4443627375 0.3051288921875 0.443003290625 0.3049951265625 0.4332100296875 0.30062369843750003 0.422560640625 0.29841846250000004 0.4160620609375 0.295850078125 0.405321884375 0.2926071375 0.40071713593749997 0.2877817734375 0.39543783593750004 0.28719800625 0.3962939640625 0.2850318140625
0 0.26310770156249996 0.302073759375 0.2559500046875 0.30068244375000003 0.249606228125 0.2947656640625 0.2485269140625 0.2946139765625 0.24670557343750002 0.29949515312499997 0.2466392140625 0.29996733125 0.2519978203125 0.3029910578125 0.2815601578125 0.3071457734375 0.281707096875 0.30610024999999996 0.27719560625 0.30056751875 0.26370398125 0.29900617343749997 0.26310770156249996 0.302073759375
1 0.17785529375 0.334532703125 0.21535529375 0.318907703125 0.2143136265625 0.3095327046875 0.23443173593750002 0.29444412343750004 0.2346475109375 0.292908803125 0.2320219609375 0.287657703125 0.21014696093750002 0.3011993703125 0.1976469609375 0.281407703125 0.21535529375 0.26265770312500003 0.2174908109375 0.2555393140625 0.21402847343750003 0.25505271406249996 0.19868862812500002 0.2647410375 0.16327196093750002 0.2814077046875 0.170563628125 0.290782703125 0.161188628125 0.322032703125 0.136940959375 0.3341565375 0.15352856875 0.336487775 0.16743862812500002 0.3324493703125 0.17785529375 0.334532703125
1 0.2274097578125 0.33740396562499997 0.2277101359375 0.33735569062500004 0.25864632187500003 0.319104665625 0.26280721875 0.30585555468750003 0.2637503546875 0.2991447921875 0.26177247812500004 0.29647551875 0.24634185 0.2943068859375 0.23323199843750003 0.29558629375 0.214648471875 0.305287096875 0.1977291921875 0.31058588593750003 0.197703165625 0.3107710671875 0.230343809375 0.3091804359375 0.22347138437499997 0.3332623765625 0.2187781984375 0.336190878125 0.2274097578125 0.33740396562499997
0 0.6796875 0.51875 0.8241968265624999 0.51875 0.830623121875 0.5134712578125 0.8535397890624999 0.48534625625 0.8681231234375 0.4593045921875 0.8773675000000001 0.4297225828125 0.8834374 0.3865329984375 0.8827064546875001 0.36972125624999996 0.8774981203125 0.3395129234375 0.8629147875 0.299929590625 0.852498121875 0.27909625625 0.8389564546875 0.26347125625 0.830623121875 0.25201292343750004 0.8108314546875001 0.236387925 0.7764564546875 0.21034625624999997 0.7741975421875 0.208840315625 0.7712428234375001 0.20842505625 0.776456453125 0.2197212578125 0.79208145625 0.2436795921875 0.8129147890624999 0.2593045921875 0.8347897890624999 0.28951292500000003 0.848331453125 0.312429590625 0.848331453125 0.32284625624999996 0.846248121875 0.33847125624999996 0.8431231203125 0.3738879234375 0.8358314546875001 0.40722125781249996 0.810831453125 0.44367959062500006 0.7910397890625 0.46555459062500004 0.7608314546875 0.48847125625 0.727498121875 0.50409625625 0.6837481203125 0.51034625625 0.6796875 0.5095603296875 0.6796875 0.51875
2 0.793368678125 0.16292426875 0.7944792703125 0.155021990625 0.7921316640625 0.15469205625 0.7696400703124999 0.1786099390625 0.7420518390625 0.17999731562500002 0.74216570625 0.181298809375 0.7528720546875001 0.2028215671875 0.7652092875000001 0.204555453125 0.7706904734375 0.202567890625 0.78341526875 0.204591553125 0.793368678125 0.16292426875
1 0.6796875 0.18387658906249998 0.709977634375 0.19679315 0.748403353125 0.20219353281250002 0.74852276875 0.20134385156249998 0.740723659375 0.1514552953125 0.6796875 0.1453349890625 0.6796875 0.18387658906249998
1 0.8489107734375001 0.261343665625 0.9101092453125 0.21920701406249998 0.9107468984375 0.21466988125 0.9012751328124999 0.1984325703125 0.8851702796875 0.19616918125 0.8332857718750001 0.23009366718750002 0.7853691046875 0.2925936671875 0.8020357718750001 0.296760334375 0.7812024390625 0.332177 0.7821967734374999 0.333171334375 0.79679985 0.33522366406250004 0.8249524375 0.278010334375 0.8489107734375001 0.261343665625
1 0.376262578125 0.6023850015625001 0.3595959140625 0.60655166875 0.35647091249999996 0.6180100015625001 0.3644198515625 0.6365575296875 0.36979065 0.6373123453125 0.387645721875 0.6256677328125 0.3882063359375 0.6216787640625 0.376262578125 0.6023850015625001
1 0.9687926656249999 0.771752 0.9530064546875 0.75912303125 0.960298121875 0.729956365625 0.9457147890625001 0.7226647015625 0.9259231218749999 0.7570396984375 0.928691725 0.7718055796875 0.9487302859375 0.774621815625 0.9682616671875 0.7755302515625 0.9687926656249999 0.771752