0 0.409375 0.17772380625 0.3877612109375 0.170116825 0.36588851875 0.1668712109375 0.350684896875 0.1660744234375 0.3333803015625 0.1657723703125 0.3143767890625 0.168370221875 0.28672159375 0.1753181296875 0.2576356015625 0.1895386453125 0.2369787203125 0.2031512546875 0.22155574531250002 0.21703816250000002 0.2114215390625 0.23015258749999998 0.19677105 0.2493282609375 0.1936092609375 0.25490192968750003 0.19350799531250001 0.2607034734375 0.19512081406249998 0.2607879984375 0.20084845625 0.2516412625 0.20668581874999997 0.2404009640625 0.2190781671875 0.2242559140625 0.23890770468750003 0.20640131718750002 0.25846294531249997 0.1937806296875 0.2918457828125 0.1776859890625 0.30357981562499997 0.17410231874999998 0.31520413125 0.1726122078125 0.34588995312500004 0.1679224453125 0.36473201875 0.1689099140625 0.3938224609375 0.17463310625 0.409375 0.180455875 0.409375 0.17772380625
1 0.409375 0.1520046734375 0.4029973421875 0.1497974234375 0.394918178125 0.1496564 0.3994395515625 0.1546559109375 0.38285025156249997 0.1567969484375 0.382840540625 0.15735327500000001 0.409375 0.1717213265625 0.409375 0.1520046734375
0 0.1766631046875 0.3507295890625 0.1759813484375 0.361241965625 0.17789708125 0.36933981875 0.178742284375 0.369354571875 0.1809690609375 0.352354146875 0.1811480125 0.3421019953125 0.17758763125000002 0.31713388125 0.17273883125 0.2984237796875 0.1725356125 0.2983308890625 0.1724174265625 0.30510170468750003 0.1742985625 0.3130533109375 0.173543640625 0.321470528125 0.1762606984375 0.3392062140625 0.1766631046875 0.3507295890625
0 0.21270500937499998 0.390584665625 0.216567953125 0.3716464390625 0.2155016 0.3706166734375 0.21239401249999998 0.37276767187500004 0.21048083593750003 0.38328484375 0.2075561875 0.395916425 0.20658130625 0.40012695468750004 0.20770253749999998 0.40430089375 0.2035834796875 0.4085663046875 0.20163371562500002 0.4169873578125 0.1974963625 0.420204709375 0.1924573046875 0.431824821875 0.1759917046875 0.45844827343750005 0.1759687734375 0.459762046875 0.18442042187500002 0.4518842828125 0.198672478125 0.42752282187499996 0.2067276578125 0.4085114234375 0.21270500937499998 0.390584665625
0 0.2828734640625 0.5084414671874999 0.308234865625 0.5138489703125 0.3173664671875 0.5155461625 0.3294969625 0.5157579015625 0.3303071984375 0.5151759 0.28912235937499997 0.5071743953125 0.27846365156249997 0.5023023203125 0.267841528125 0.498477825 0.2613365578125 0.4924118421875 0.24970343593750002 0.48967150937500004 0.23963759375000002 0.4828750125 0.2395921390625 0.48547905625 0.2401288921875 0.48581043125 0.251871759375 0.49169350312500004 0.264771953125 0.5006827296874999 0.2828734640625 0.5084414671874999
1 0.17628510625 0.40347259687500003 0.177889828125 0.39205441093750004 0.17076959375 0.3899952078125 0.15330285 0.40130117031249996 0.142013721875 0.39124643125 0.1379835234375 0.39770550312499997 0.13791805625 0.40145613124999996 0.14576179843749998 0.40976801875 0.1522104734375 0.41421085937499996 0.1587847796875 0.41432561406249996 0.17628510625 0.40347259687500003
0 0.8924778640625 0.107158584375 0.8854313125000001 0.12756007656249999 0.8788854234375 0.15264782187499998 0.87820183125 0.1918107640625 0.8847942859375 0.229198428125 0.889969240625 0.24384264843749998 0.8980430453124999 0.25944923593749997 0.907877228125 0.2790029734375 0.9266978390624999 0.3012297140625 0.9356649890625001 0.307508578125 0.936765334375 0.30752778593749996 0.9398134453125 0.30317463437500003 0.927610465625 0.28829613125 0.9268823812499999 0.284166959375 0.919232453125 0.2770007421875 0.9131010484375001 0.2663736 0.9032668640625001 0.2468198625 0.8907622 0.2181575046875 0.8878498609375001 0.2016408125 0.8847529812499999 0.20218687656249998 0.8898546125 0.194900990625 0.8878523796875001 0.1835457640625 0.8857304796874998 0.1594389796875 0.8888897140625 0.147173646875 0.8921711359375 0.129564828125 0.8993997078125 0.11019563125000001 0.9151908359375 0.0850590703125 0.9224792421875 0.07206565625 0.9328021734374999 0.0702454453125 0.9289772109375001 0.0666623328125 0.9309819625 0.059922512500000004 0.9351111359375001 0.059194428125 0.9354153453125 0.0548832328125 0.9505980546874999 0.038369059375 0.9516366921875001 0.0374336890625 0.9478856875 0.037368215625 0.93705605625 0.046078821874999995 0.9191405078125001 0.0652036453125 0.904685884375 0.0858469921875 0.8924778640625 0.107158584375
0 0.6301330500000001 0.24162368125000003 0.6350926593749999 0.24713188593750002 0.63751983125 0.2609046234375 0.6487097187499999 0.2877324765625 0.66022876875 0.3082796390625 0.6750527390625 0.3258510328125 0.6962671171875 0.3416580234375 0.7258008859375 0.358950671875 0.74016504375 0.365042896875 0.7610481046875 0.36540741250000003 0.7611720203125 0.36500301875 0.7590784562499999 0.3648933015625 0.74249453125 0.36087520624999997 0.733347796875 0.3551475625 0.7230445578125 0.351458621875 0.7169284484375 0.34798912187500003 0.7066800734375001 0.3432534 0.70276724375 0.3378000546875 0.6975881953125 0.3364789765625 0.698744696875 0.33444027187500003 0.697917353125 0.3301982875 0.696043228125 0.3259014421875 0.69014655625 0.318244815625 0.6790159765625 0.3103138890625 0.6741112234375001 0.3037589046875 0.6581307546875 0.2882262125 0.6583501921874999 0.284039084375 0.6533357234375 0.2795776625 0.6475487703125 0.269827471875 0.6402168484375 0.24949974687499998 0.645226865625 0.23401746406249999 0.6411494578125 0.2317044609375 0.6387815984375 0.2368286515625 0.630803103125 0.195921009375 0.6299205171875 0.1959056046875 0.6296426578125001 0.19661334375 0.6293312140625 0.214455990625 0.6294109750000001 0.21534442656250002 0.6301330500000001 0.24162368125000003
0 0.8057065718749999 0.37243788125 0.8218205640625001 0.3727191515625 0.8218763562500001 0.3667739421875 0.81270790625 0.3704792375 0.8054818515625 0.3692050890625 0.8060279156250001 0.3661082109375 0.79331818125 0.3628452125 0.792576075 0.362832259375 0.7860755765625 0.36655596562500004 0.7860478359374999 0.36814525 0.7915159765625 0.36993569531250003 0.8057065718749999 0.37243788125
1 0.9024069781249999 0.4107187453125 0.9262020843750001 0.4167350640625 0.9376309265625 0.4169345546875 0.9384023906250001 0.4162719328125 0.9384456984374999 0.41379082343749995 0.908326634375 0.40002345781250004 0.8978009499999999 0.3689253140625 0.9048047671875 0.359241021875 0.868601746875 0.34372354843749997 0.8482587500000001 0.3318476578125 0.8517673109375 0.34221370625 0.8702346437500001 0.3604482375 0.8583587515625 0.380791234375 0.8358840125 0.3679409296875 0.8344411828125 0.3710974296875 0.834367540625 0.3753164328125 0.8544610921875 0.38931820156249997 0.8537427546874999 0.3987829984375 0.8920043484375 0.413179728125 0.9024069781249999 0.4107187453125
1 0.851499659375 0.4091801765625 0.8435563593750001 0.40460080937500004 0.835799190625 0.3806235234375 0.8693553546875 0.3810861765625 0.8514468921875 0.3761568796875 0.8324171953124999 0.3670536453125 0.8064108359375 0.3654293484375 0.80603563125 0.3869247734375 0.8076845546874999 0.39159804062500003 0.8394373015625 0.408866215625 0.8403980578125001 0.40898639687499994 0.851499659375 0.4091801765625
1 0.010414790625 0.559375 0.005695621875 0.5623524609375 0.0112809625 0.569882725 0 0.6017818359375 0 0.6221248859374999 0.013575748437499998 0.6223618515625 0.036779046875 0.6058334875 0.0950992953125 0.5913518640625 0.0951242046875 0.589924853125 0.087181915625 0.577787109375 0.03903069375 0.5703116421875001 0.0327207203125 0.559375 0.010414790625 0.559375
1 0.6037719703125 0.8707706749999999 0.59891723125 0.8492745390625001 0.63134471875 0.8339772015625 0.6202338671875001 0.8252924593750001 0.5950324328125001 0.83931565 0.5674707437500001 0.8130018046874999 0.567243909375 0.8259971578125 0.5845873140625 0.8464793468749999 0.5936701203125 0.8707834312500001 0.60316326875 0.8709491359375001 0.6037719703125 0.8707706749999999