0 0.41875 0.2671987359375 0.405564765625 0.25571490625000004 0.3823532953125 0.24279411875 0.3650426015625 0.2355229546875 0.357787925 0.23357907031249997 0.33635956093749997 0.22902433125 0.3158938140625 0.2266709625 0.28138586875 0.229319865625 0.2606571140625 0.23290086875 0.24545665312499998 0.2386553265625 0.2342801203125 0.2442667171875 0.219425765625 0.25308988125 0.2083923015625 0.2627252 0.19483927343750002 0.2748201078125 0.185716253125 0.284861503125 0.17734541718750002 0.2960611609375 0.16897457656249998 0.3072608171875 0.1623111453125 0.3198217734375 0.15847096249999998 0.328408715625 0.15711162812499999 0.3334818265625 0.1591771765625 0.3340352890625 0.162048134375 0.3257561453125 0.1706220125 0.313601265625 0.17068198437499998 0.308622115625 0.1798050046875 0.2985807203125 0.184701059375 0.2896376140625 0.19089844218750002 0.2839662515625 0.1959375625 0.2790470734375 0.19654668125000002 0.27618140625 0.20853536718750001 0.2667491265625 0.21704927187499998 0.2595733984375 0.23135448281249998 0.2486367515625 0.248871465625 0.2413779265625 0.2673436703125 0.2343221421875 0.28998286875 0.23114721562499999 0.309350325 0.2292736171875 0.336908703125 0.2311378140625 0.35410270625 0.23479251250000002 0.38058591875 0.24641196875000002 0.3906872875 0.2505558421875 0.4003825765625 0.25661015625 0.41875 0.2724308421875 0.41875 0.2671987359375
1 0.41875 0.262453778125 0.3910471078125 0.22979912812499997 0.36865551406249997 0.219314771875 0.3752198640625 0.2283084890625 0.3598985578125 0.22867063437500001 0.3597308984375 0.229296346875 0.3919655140625 0.25139674218749997 0.41005154375 0.26699449375 0.41512392968749995 0.26835363437500004 0.41875 0.26596279843750004 0.41875 0.262453778125
0 0.1432051734375 0.31528385625 0.14229713125000001 0.3196724609375 0.140631065625 0.3225436859375 0.1313317703125 0.357249128125 0.13548036562500002 0.350727678125 0.1434676296875 0.3244129015625 0.1466584125 0.3071485359375 0.1432051734375 0.31528385625
0 0.1476004078125 0.40470255312500003 0.1480238234375 0.4087066984375 0.14361194375 0.4120312890625 0.14059053593749998 0.4194959359375 0.13631456718749999 0.4218534671875 0.12998425 0.4318115546875 0.11467894375000001 0.44958350312500006 0.11379002812500001 0.45290098125 0.113958290625 0.4529460671875 0.1196654671875 0.44909838124999996 0.136330246875 0.4287587890625 0.14651311875 0.41243902343750005 0.1546259609375 0.3968144921875 0.1609405984375 0.3799510828125 0.1607990125 0.3797631921875 0.15913440625 0.3793171609375 0.1569364515625 0.3803744953125 0.1536432234375 0.38977325937499996 0.1491111125 0.40097023125 0.1476004078125 0.40470255312500003
1 0.11980286874999999 0.40225798125 0.12221383125 0.3973147734375 0.1236355296875 0.3920089234375 0.1187959296875 0.388728559375 0.10006474218750001 0.393717578125 0.092956775 0.3815585890625 0.08606016250000001 0.38735323125 0.085824175 0.38823394843750003 0.0909455 0.399048553125 0.096409159375 0.4061856953125 0.09995369531250001 0.4071354515625 0.11980286874999999 0.40225798125
2 0.669686925 0.2907293640625 0.6722168156249999 0.28758297499999996 0.6696768437499999 0.27250986093749996 0.6712352921875 0.2607321265625 0.6625209359374999 0.24581367968749998 0.6567094015625 0.2481216484375 0.6542943953125 0.262701059375 0.6192705249999999 0.2703744859375 0.6188773140625 0.27128575 0.617420009375 0.2767244859375 0.62140309375 0.27779175 0.6561086609375 0.2734675671875 0.6608019328125 0.288177828125 0.6618463125 0.28862847812500003 0.669686925 0.2907293640625
1 0.6214077687499999 0.381320621875 0.634396496875 0.35921278125 0.64642203125 0.330819125 0.65375455 0.31041335000000003 0.656454025 0.2930163109375 0.629135534375 0.2712355125 0.625863790625 0.27253684218749996 0.6249916625 0.28133688125 0.6191852859375 0.2822104578125 0.6142303015625 0.300702709375 0.6151395828125 0.3042022421875 0.6186237671875 0.3488715265625 0.6131218953124999 0.379100428125 0.6214077687499999 0.381320621875
1 0.681923396875 0.282684784375 0.6913940421875 0.27362065156250004 0.699041875 0.2717499625 0.7032107328125 0.2607543546875 0.7077664171875 0.2661243453125 0.70789761875 0.26920971875 0.7164841828125 0.2676082078125 0.727230940625 0.251387359375 0.74053149375 0.22980329687499998 0.7362517609375001 0.2163850953125 0.7233854656250001 0.20456840468749998 0.732523934375 0.18687047031249998 0.7011115203125 0.21138837968750002 0.6716143000000001 0.24350565937500002 0.66954760625 0.251218665625 0.6739720609375001 0.2564339703125 0.6708731359375 0.2707841296875 0.6744844999999999 0.2806915375 0.681923396875 0.282684784375
0 0.8870080265624999 0.2091330015625 0.8568517390625001 0.2026978109375 0.83928048125 0.201604646875 0.8379999765624999 0.2021220046875 0.8375083968750001 0.20827873437500002 0.8398533515625001 0.2115019953125 0.846865009375 0.21447826874999998 0.8542065046874999 0.21642755937499997 0.8593285203125 0.21435812968749998 0.8701156859375001 0.2189370109375 0.8879327343749999 0.21695180937499997 0.8937078921874999 0.21834231875 0.8898663812500001 0.219894390625 0.8966762515625 0.2238459078125 0.9052582046875 0.22112333906249998 0.9083365687499999 0.221369128125 0.910270215625 0.224311709375 0.909261278125 0.22918793593750003 0.9242715296874999 0.2313158140625 0.9310814000000001 0.23526733125 0.931689090625 0.2396112046875 0.9424715046875001 0.2425003453125 0.9422501390625001 0.23894728125000003 0.9257978234375 0.2277200921875 0.905368209375 0.2158655390625 0.8870080265624999 0.2091330015625
0 0.7227565421875 0.4329735078125 0.7235165125 0.4301372609375 0.7118200046875 0.43578242031250003 0.6893086015625001 0.44072542812500004 0.6755230875 0.4452775296875 0.666043896875 0.44540577968750006 0.665325371875 0.44808735468750005 0.6684738484375 0.4489309859375 0.705965971875 0.44172788281250003 0.72054589375 0.43539151406250004 0.7227565421875 0.4329735078125
1 0.26943637656249997 0.5529325203125 0.270682296875 0.5482826859375 0.2210989375 0.5461821734375001 0.21907601875 0.553731809375 0.2157321546875 0.5691504171874999 0.222827415625 0.571489446875 0.2591342171875 0.5812178265625001 0.26943637656249997 0.5529325203125
0 0.332094396875 0.7253241125000001 0.3389342859375 0.7221923796875 0.3390675015625 0.721695209375 0.3284366171875 0.7114030609374999 0.326713546875 0.710941365625 0.3216080515625 0.7144103312500001 0.3214348953125 0.7150565578125001 0.33039144062500003 0.72486780625 0.332094396875 0.7253241125000001
3 0.35737293124999997 0.7932915921875 0.35866346875 0.7884752421875 0.3266842484375 0.7799842171875 0.3258257140625 0.78318830625 0.32567619531249997 0.786691503125 0.3556664734375 0.7947273734375 0.3566699765625 0.794947646875 0.35737293124999997 0.7932915921875
1 0.7144759687500001 0.4796875 0.7156533328125001 0.49863310937499994 0.71907079375 0.49954881406249996 0.7451399203125 0.488466875 0.7432650609375 0.4796875 0.7144759687500001 0.4796875