0 0.240354771875 0.0858678453125 0.2396373859375 0.09097231875 0.253356003125 0.0970645828125 0.2691495171875 0.1180232859375 0.286554390625 0.142331628125 0.295201640625 0.1622859875 0.298264325 0.16271641875 0.2962390890625 0.1697192078125 0.301663625 0.1829742859375 0.305940340625 0.20439652812500003 0.305559565625 0.22932843906249997 0.300090871875 0.260832703125 0.28514716875 0.293087459375 0.2783044109375 0.297331071875 0.281957559375 0.300967665625 0.2800757984375 0.3069495578125 0.276726159375 0.30856091406249997 0.275578340625 0.316728075 0.2585643046875 0.343022971875 0.2586838625 0.3430397765625 0.26803474843749997 0.333365903125 0.292900446875 0.30458770625 0.3010109421875 0.2871874171875 0.3150468390625 0.20758589375 0.3151118421875 0.19839808125 0.305841021875 0.160658075 0.290014403125 0.125119890625 0.264872803125 0.096601046875 0.23201102968749998 0.0711614390625 0.2312773875 0.070796696875 0.23016699062499998 0.07709406875 0.240354771875 0.0858678453125
1 0.459375 0.07475509375 0.4429282203125 0.07389315468749999 0.459375 0.0901308796875 0.459375 0.07475509375
1 0.459375 0.091925609375 0.4340929765625 0.1060527828125 0.44345830781249995 0.10770414375 0.45468684687499994 0.104390878125 0.459375 0.105827434375 0.459375 0.091925609375
1 0.459375 0.0439804859375 0.44031755625 0.037961159375 0.4187504546875 0.036074284375 0.40839055625 0.036202775 0.40262657187500006 0.042942553125 0.3968625875 0.04968233125 0.40149714843749995 0.0676805203125 0.380636284375 0.0813784203125 0.3761648015625 0.08314565 0.42176178750000004 0.0911856296875 0.43658244375 0.0924822703125 0.43582499218750004 0.089311403125 0.43198652656250003 0.0858709828125 0.430561475 0.078502246875 0.443334790625 0.0744454359375 0.456377659375 0.06730761406249999 0.45562020781249996 0.064136746875 0.459375 0.0644652484375 0.459375 0.0439804859375
1 0.49388502343749996 0 0.49095171718749997 0.015842824999999998 0.521375025 0.045344979687499995 0.5259366578125 0.04614931875 0.5343128703125 0.026350345312500002 0.5363807078125 0.014623057812500001 0.53339586875 0 0.49388502343749996 0
0 0.8045894125 0.1925268765625 0.791080409375 0.19873749062499999 0.7767144390625 0.20376859375 0.7642236671875 0.21014047812499997 0.7132518250000001 0.21563645 0.681686528125 0.210636996875 0.6618056390625 0.20435684062499998 0.6391925859375001 0.1955563921875 0.6327100265625 0.1903545421875 0.6187266796875 0.17978956875000002 0.6054390187500001 0.1714223375 0.5938146843750001 0.15914344062500002 0.5866364374999999 0.151743846875 0.5698197265625 0.1261172140625 0.564516678125 0.1200584015625 0.56344784375 0.11362644375 0.5603425359375 0.10687194062500001 0.5573985046875001 0.09909920312500001 0.55461574375 0.09030822968749999 0.5526899453125 0.08269676249999999 0.55194365625 0.07422833437500001 0.5500178578125 0.06661686875 0.5495941171875 0.0561119703125 0.546004990625 0.0524121734375 0.545521171875 0.055466879687500005 0.546428734375 0.062917071875 0.547336296875 0.0703672671875 0.5533255625 0.0984541125 0.5637103140625 0.125149578125 0.5762422125000001 0.14487867031249999 0.5919900859375 0.1640733453125 0.6170633515625 0.1837012375 0.633083171875 0.19458875625 0.6570876046875 0.207784690625 0.6699766484375 0.21116861562499997 0.7151703250000001 0.2191374796875 0.726166340625 0.219769465625 0.7473374093749999 0.217903740625 0.781321796875 0.20762966249999998 0.7993875640624999 0.1990094359375 0.8236734140624999 0.1840679234375 0.8445314140625 0.1644083796875 0.858312365625 0.1498906125 0.8680203765625001 0.1347277546875 0.87173511875 0.128303346875 0.8733123109375001 0.119358653125 0.8675966328125 0.12422285468750001 0.8627679265625 0.1349396265625 0.8511847171875001 0.148761703125 0.8328976046874998 0.171959771875 0.8249635953125001 0.17592204218750002 0.817564003125 0.18310028750000001 0.8116664609375001 0.1873851 0.8045894125 0.1925268765625
1 0.652558253125 0.205053778125 0.6412378343749999 0.19816816718750002 0.63314763125 0.1967416453125 0.6498229484375 0.22161165781249997 0.6633707796875 0.229043071875 0.68613231875 0.23305654531250003 0.7033212328125 0.2286084625 0.7034247234375 0.2280215453125 0.6876079640625 0.22329628281249997 0.6728130765625 0.21571720156250002 0.652558253125 0.205053778125
0 0.8808897765625 0 0.877771528125 0.0051747953125 0.8714909078125 0.0265248375 0.8662937546875 0.04689931875 0.8641851484374999 0.0674356640625 0.8640883484374999 0.0692826921875 0.86556241875 0.0695426109375 0.8713873734375 0.0481986078125 0.875824784375 0.022622596875 0.8814039953125 0.014656250000000001 0.8818356328124999 0.0064201296875 0.8849781312499999 0.005552478125 0.8878616687499999 0 0.8808897765625 0
1 0.31685763125 0.7695618421875 0.3211579203125 0.77080550625 0.3308074890625 0.772506984375 0.32948914218750003 0.7463516625000001 0.3538928453125 0.737722109375 0.3549578296875 0.73168228125 0.3530635453125 0.7267615218750001 0.3475286375 0.72910681875 0.32624987499999997 0.7323626390625 0.29818906875 0.7023924671875 0.298117915625 0.7025955343750001 0.297072896875 0.7085221374999999 0.31621750937500004 0.7444864546875 0.31685763125 0.7695618421875
1 0.756574971875 0.6538486703124999 0.7675071390625 0.6905967859375 0.7727753796875 0.69152571875 0.7972578765625 0.68977304375 0.8027772625 0.6584710484375 0.778841525 0.63615684375 0.756574971875 0.6538486703124999
0 0.459375 0.5370620609375 0.46522563437500003 0.5324513625 0.48804123906249997 0.5210079359375 0.5025761265625001 0.5142302078125 0.529882909375 0.505518525 0.5556902609375001 0.503940728125 0.5814085765625 0.5056217953125 0.6203368640625 0.513207990625 0.645082865625 0.526603159375 0.6611100671875001 0.536824946875 0.680570653125 0.5526847453125 0.6947458281250001 0.571009171875 0.7088319609375 0.5925924625000001 0.7184269171875 0.611444009375 0.721418665625 0.6213096390625 0.7273131203125001 0.6442997640625 0.7295785296874999 0.6505902625 0.7308790937499999 0.6508195875 0.73121791875 0.6503926328125 0.7316843640625 0.6477472828125 0.728548990625 0.6348757703125 0.7225654968749999 0.6151445078125001 0.7152606515625 0.5960294046875 0.70522405625 0.581405478125 0.6923702390625 0.56246489375 0.6765211125 0.5457253796874999 0.6631366171874999 0.5342712781250001 0.640417165625 0.51832244375 0.6123232640625 0.5080970984375 0.5876627437499999 0.5035097640624999 0.560006921875 0.5011235 0.5191375640625 0.504898809375 0.50398651875 0.510355184375 0.4905094265625 0.5142266484375 0.459375 0.5322116203125 0.459375 0.5370620609375
1 0.5785858375 0.49703785 0.5901080625 0.49587840468749994 0.6013787734375 0.49750141875000004 0.62748358125 0.50416026875 0.6284785046875 0.5042124109375 0.6287227343749999 0.5028273109375 0.6160617562499999 0.4931092078125 0.6222928 0.492403421875 0.621371196875 0.4902904375 0.6060903343749999 0.486392571875 0.5898339125 0.4814112375 0.582411490625 0.485151615625 0.559105678125 0.49360297343750004 0.5785858375 0.49703785