1 0.2445613171875 0.1733120671875 0.2340788125 0.167013540625 0.23803736562500002 0.16042540156250001 0.239623621875 0.1533085125 0.26256055312500004 0.1509503890625 0.262037471875 0.14435941562500001 0.222763090625 0.135107671875 0.2004146515625 0.14897449062499998 0.20409764218749998 0.1679218375 0.20613149531250002 0.1717411265625 0.221419946875 0.17465068125 0.24428308593749998 0.17336615 0.2445613171875 0.1733120671875
1 0.2782828125 0.1277457234375 0.3020706265625 0.1099828453125 0.333355903125 0.11503109843749999 0.33484720625 0.1104314421875 0.3345137984375 0.1087162125 0.301254678125 0.0967846484375 0.307120240625 0.0931993796875 0.285611359375 0.08700961406249999 0.27819903749999997 0.103223009375 0.2706218890625 0.09939458906250001 0.2795823328125 0.08505488125 0.253103525 0.07666587500000001 0.24283946875 0.090190996875 0.24797422187499998 0.112432053125 0.219542040625 0.1245738796875 0.20764745156250003 0.1262044140625 0.2066340359375 0.13183754375 0.207098303125 0.134225990625 0.21807633124999998 0.13272109999999998 0.24438711093749999 0.1399192890625 0.27752237812499997 0.1334784453125 0.2782828125 0.1277457234375
0 0.46875 0.10573040625 0.44240336874999997 0.0925134015625 0.4265398734375 0.0885949296875 0.4059339203125 0.0926003203125 0.4063964609375 0.0949798828125 0.41193528125 0.0941558234375 0.41952384687500005 0.0953754046875 0.4443493078125 0.10559283281250001 0.468069009375 0.1168780828125 0.46875 0.1174076453125 0.46875 0.10573040625
0 0.239708153125 0.185553953125 0.2478941046875 0.180325853125 0.24789219375 0.1803160171875 0.24443145624999998 0.178499853125 0.23936729843750001 0.1823109484375 0.22690492187500003 0.1989220078125 0.226374203125 0.20063663437499998 0.22728488281249998 0.2053216734375 0.231247240625 0.20455146875 0.2385687109375 0.19551020937500002 0.237260471875 0.193461821875 0.239708153125 0.185553953125
0 0.266550859375 0.41732639374999997 0.2878507703125 0.429623903125 0.29791386875 0.4335380046875 0.2986764921875 0.433389765625 0.297998965625 0.42990419687500003 0.28398760156249997 0.419406034375 0.2729809390625 0.4077263578125 0.27774326718750003 0.408700896875 0.27556804687500003 0.40478254375 0.27206158281250004 0.40009559843750003 0.26099973906249996 0.40080900937499997 0.2577746015625 0.39717198125 0.246205290625 0.38339246718750003 0.2394736859375 0.3750684921875 0.23996095624999997 0.3726873296875 0.23806706093750002 0.36981889687499997 0.235891840625 0.36590054375 0.2318227265625 0.359113759375 0.2249403625 0.3418277765625 0.2207204859375 0.3260789875 0.21867583124999998 0.3142485515625 0.2153753109375 0.30613051874999997 0.21299414843750003 0.3056432484375 0.211381578125 0.30382473593750003 0.2075184078125 0.2936068671875 0.20729226562499997 0.280163859375 0.206016203125 0.267002178125 0.207608575 0.2519466015625 0.210326246875 0.2410907 0.21542508124999998 0.23072206875 0.21255665 0.23261596718750002 0.2067444015625 0.23192275156250003 0.2054885359375 0.235635159375 0.202564921875 0.249922140625 0.20140463749999998 0.27498964375 0.20198748437499997 0.2939635734375 0.2025683671875 0.299264290625 0.209736109375 0.336139128125 0.21971096406249999 0.3601084953125 0.2348621203125 0.383055959375 0.251475084375 0.3988599328125 0.266550859375 0.41732639374999997
2 0.7585153453125 0.44864112812499995 0.761056725 0.448147134375 0.7625415578125001 0.4383520890625 0.7616882796875 0.43396234843750003 0.7492000875 0.41255725312499997 0.7505205500000001 0.408867325 0.7497401765625 0.39225841093749997 0.7314539671875 0.3917718703125 0.7287691484375 0.39229374687499996 0.710977540625 0.407524184375 0.72229893125 0.43046678437499997 0.6906560203125001 0.442837178125 0.6839839921875 0.44555049062499996 0.6847590328125 0.4495377328125 0.6885353421875 0.4612896375 0.711738065625 0.45550454843750005 0.741011515625 0.43812376718749996 0.7585153453125 0.44864112812499995
1 0.6723563218749999 0.46875 0.6680660078125 0.4655446796875 0.68818886875 0.4608989515625 0.6816694546875001 0.4423242140625 0.6419910843750001 0.4202493453125 0.62455649375 0.422043340625 0.62325424375 0.43573056406250005 0.6162471734375 0.4295394390625 0.599916271875 0.430689246875 0.6073145328125 0.46875 0.6723563218749999 0.46875
1 0.7443323515625 0.4243383609375 0.7477661281250001 0.423670903125 0.7621240671875 0.4088158328125 0.77777545 0.38408521875 0.7924728328125 0.3517281 0.7971512921875 0.3398851265625 0.7943508375 0.3254780421875 0.7941714515625 0.3255129109375 0.7508902265625 0.3673091046875 0.7141911015625 0.38804334687500003 0.720194475 0.41892802656250006 0.7443323515625 0.4243383609375
0 0.6748228953125001 0.1722314359375 0.68091646875 0.17397456875 0.6880845890625 0.17740915468750001 0.689126059375 0.1772067140625 0.6880871171875 0.17186182187500001 0.6724969140624999 0.1593510765625 0.647497759375 0.1432016578125 0.6481477468750001 0.14654554687500002 0.6523223046875 0.1512532453125 0.6577226625 0.1588086265625 0.666835428125 0.16761986874999998 0.6748228953125001 0.1722314359375
0 0.73109951875 0.2624764 0.7305947749999999 0.276969421875 0.7359297046875 0.2759324171875 0.7355748640625001 0.2627137828125 0.720639521875 0.2257540921875 0.7117787734375 0.20865233437500003 0.7105043859375 0.20779275 0.705791659375 0.2120307125 0.7144749875 0.22252315312499998 0.7205795625 0.2368387546875 0.73109951875 0.2624764
3 0.2921975140625 0.68740186875 0.292211571875 0.6874741828125 0.3167676203125 0.6827009703125 0.31666740312499997 0.6821853984375 0.3166603984375 0.6821573 0.31554132031250004 0.6800558265625 0.2921975140625 0.68740186875
0 0.25993999687499997 0.7579140703125 0.2610555421875 0.760383584375 0.2717169453125 0.7583112171874999 0.25993999687499997 0.7579140703125
1 0.1465307359375 0.9227184968749998 0.150841546875 0.89385990625 0.1490470859375 0.8846282046875 0.1124212171875 0.8752293921875001 0.1051351953125 0.8766456515625001 0.09658745156250001 0.8930202921875001 0.0966235296875 0.8932058984375001 0.1416076765625 0.92367544375 0.1465307359375 0.9227184968749998
1 0.7837824875 1 0.790004403125 0.9750622796874999 0.785474046875 0.948280884375 0.7842885359375 0.9485113250000001 0.749655509375 0.9974449421875 0.7470972171875 1 0.7837824875 1