1 0.10644955781250001 0.19522294375 0.11117679375 0.177284990625 0.0704286796875 0.1586512234375 0.06345918125 0.15852957031249998 0.05943612031249999 0.1913553546875 0.05942736562499999 0.191856871875 0.075448428125 0.1946818171875 0.10644955781250001 0.19522294375
0 0.215925653125 0.323715634375 0.2226723125 0.3204829890625 0.21099375937499998 0.30956490625 0.20908763593750002 0.309531634375 0.2042106796875 0.3129712359375 0.2041958484375 0.3138209578125 0.213510471875 0.323673478125 0.215925653125 0.323715634375
3 0.22436870937500003 0.3879352671875 0.24222368125 0.388246928125 0.2576628640625 0.3842196671875 0.25767211093750003 0.383689959375 0.2572441578125 0.3775699453125 0.255402665625 0.3775378015625 0.22327874374999998 0.3844422265625 0.223276153125 0.38459065468750003 0.22335487031249998 0.38571635312499997 0.22436870937500003 0.3879352671875
0 0.55 0.36318334375 0.5546139046875 0.362075765625 0.5740013 0.3624234375 0.5999878390625 0.36598195312500004 0.62474904375 0.3764897140625 0.6256242859375 0.371525965625 0.6348491640625 0.35984555937499996 0.6448342015625 0.3554644953125 0.65411905 0.3550544328125 0.67479174375 0.359723203125 0.6944141484374999 0.370348471875 0.7187677109375 0.38897328125 0.7202111046875 0.3892277890625 0.728679559375 0.3893756078125 0.7357020000000001 0.3858175578125 0.7199330859375 0.3707536859375 0.6910833796875 0.3544069328125 0.66778253125 0.3472275171875 0.6381750859374999 0.3409833109375 0.596071959375 0.34174831875 0.5643639328125001 0.34741711249999996 0.55 0.3556452671875 0.55 0.36318334375
2 0.8326022625 0.459375 0.83703845 0.4309958546875 0.8370918968750001 0.427933890625 0.7925860765625 0.43977505937499994 0.7885796765624999 0.459375 0.8326022625 0.459375
1 0.7882942546875 0.3758044375 0.7669655109375 0.374264309375 0.757933078125 0.3969503375 0.757787646875 0.40528211093750005 0.77933288125 0.4371419046875 0.781781353125 0.4371846421875 0.8043417109375 0.40297702187500006 0.7882942546875 0.3758044375
1 0.1411634140625 0.732078815625 0.13046319374999998 0.7268725875 0.1297630015625 0.7308435875 0.10936719843750001 0.7630988249999999 0.1092796953125 0.7681118078125 0.11930136093749999 0.7741932234375 0.12487389062500001 0.7742904921875 0.1410424421875 0.73900928125 0.1411634140625 0.732078815625
2 0.6079693703125 0.78428383125 0.61789686875 0.78603431875 0.6570325359375 0.7802308703125 0.657197340625 0.7707891609375 0.611937946875 0.7675821359375 0.6097250140625 0.761416878125 0.597687509375 0.7612067625 0.5971257828125001 0.793388109375 0.5993593640625 0.8068218187499999 0.6040716109375001 0.8069040703125001 0.6115926968750001 0.8043714171874999 0.6079693703125 0.78428383125
1 0.6386228453125 0.7437821781249999 0.6365786234375 0.743015228125 0.60403066875 0.6937280625 0.59416784375 0.6673970203125 0.588375171875 0.6680058546875 0.5874770218750001 0.719460828125 0.5913076796875 0.7366236078125 0.5989499109375 0.76305800625 0.638274403125 0.76374441875 0.6386228453125 0.7437821781249999
1 0.662617675 0.83566865 0.6771648421875 0.858187534375 0.682866953125 0.8582870640625 0.683759778125 0.8580316625 0.697531615625 0.8533728125 0.7127478046875 0.83553385 0.7088017640625 0.822996634375 0.7013615875 0.8001305406250001 0.6968937359374999 0.7895407578125 0.687277665625 0.7942695171875 0.6878693890625 0.7881663156250001 0.685279059375 0.7822541140625 0.67782015 0.775037378125 0.67717725 0.7696469890625 0.6745256796875 0.7675026625 0.6672820640625 0.7673762249999999 0.6501674171875 0.798627746875 0.650098434375 0.8025797406249999 0.650448740625 0.8031864890625 0.662617675 0.83566865
0 0.8390111781249999 0.8569948890625 0.849656653125 0.8580729140625 0.8874904562499999 0.8587333046874999 0.8955375953125 0.85817059375 0.9115556578125 0.8539431359374999 0.9321491203125 0.848692071875 0.9321848093749999 0.8466474999999999 0.9074629046875 0.853218803125 0.8975474515625 0.8559332109375 0.8953955953125 0.85406263125 0.8872100875000001 0.8526139656249999 0.8854098265625 0.8557714296875 0.8773649546875 0.85633398125 0.8607126609375 0.849414215625 0.8599883265624999 0.8535069703125 0.8549602828125 0.853858565625 0.8483640765625001 0.846235609375 0.8412544953125 0.845722234375 0.8405301625 0.8498149859374999 0.8330689859374999 0.8442735671874999 0.8256781296875 0.8397377562500001 0.8088851953124999 0.830806771875 0.8004887296875 0.826341278125 0.795249728125 0.823676046875 0.7912976109375001 0.8249629328125 0.783972484375 0.8324518703124999 0.7839404796875 0.8342854109375001 0.7859671468749999 0.8354409359374999 0.78475058125 0.832494428125 0.8027600796875 0.8443719203125 0.8390111781249999 0.8569948890625
0 0.8118730781250001 0.53942141875 0.803792196875 0.540288584375 0.8077534671875 0.5443906000000001 0.8118378906249999 0.5414372421875 0.8118730781250001 0.53942141875
0 0.7592681812500001 0.5495935953125001 0.743018453125 0.55636748125 0.7298276453125 0.5611783265625 0.728714175 0.5672081984374999 0.7408267015625001 0.56641140625 0.7600825671875 0.560698209375 0.7672962828125 0.5517501640625 0.781565375 0.54292526875 0.7714334875000001 0.5457730703125 0.7592681812500001 0.5495935953125001
0 0.7022269999999999 0.582877353125 0.700175990625 0.5848579890625001 0.6961267546875 0.5857955265625 0.6787107765625 0.6016230203124999 0.6609429359375 0.6376087312500001 0.6816641375 0.6057074421875 0.7051803609375 0.5869617765624999 0.7022269999999999 0.582877353125