2 0 0.0919737453125 0.0198153921875 0.1287336765625 0.0224561859375 0.1290112359375 0.09385503437500001 0.0412769703125 0.0942836046875 0.037199396875 0.0507062171875 0.018763421875 0 0.0906943984375 0 0.0919737453125
1 0.9236000921875 0.2762360015625 0.9289746203125 0.2622127515625 0.9298141921875 0.25422475312500004 0.8653149750000001 0.278377053125 0.8653001812500001 0.29389967031249997 0.9017972249999999 0.335325478125 0.9117428593749999 0.33637080625000004 0.9168118078124999 0.330851615625 0.8973776062500001 0.286461803125 0.922718525 0.2793104 0.9236000921875 0.2762360015625
0 0.2050437171875 0.8140701359375001 0.2128267 0.8251853859375 0.21251986406249998 0.8392043578124999 0.20795256874999998 0.8589673624999999 0.2052973875 0.8617468171875 0.20468115625 0.8713810593750001 0.19628450625 0.8883037546875 0.1916537921875 0.8961475906249999 0.1815275921875 0.9106002328125001 0.17825617656249998 0.923013928125 0.1769602953125 0.9303632390625001 0.1721444578125 0.9392569765625 0.14954370781249998 0.956922740625 0.1403431359375 0.9661258765625 0.132460871875 0.9706411093749999 0.1319007578125 0.9759702421875 0.1340300953125 0.9761940453125 0.138862128125 0.9745250890625 0.171898478125 0.9467914140625 0.1850501125 0.9274595140624999 0.197090990625 0.914427025 0.2098089546875 0.8852757593749999 0.215249471875 0.8705719546875 0.2178921703125 0.8454283484375 0.21770595625000003 0.8282108171875 0.21819791562500002 0.8131419421875 0.21473625 0.7897981265625 0.210163828125 0.77275371875 0.2103540796875 0.8085112296875 0.20961357656250001 0.8127108359375 0.20701925000000002 0.809005753125 0.2050437171875 0.8140701359375001
0 0.0976216609375 1 0.1047373828125 0.997964640625 0.11436475312500001 0.99333335625 0.11466708750000001 0.9904568375 0.11451851718749999 0.9896501125 0.108184178125 0.988759878125 0.09568099375 0.9934621234375001 0.097198953125 0.9979817578125001 0.0874007015625 0.9987578546875 0.0810663625 0.997867621875 0.0823304546875 1 0.0976216609375 1
0 0.960194534375 1 0.9657832781250001 0.995073084375 0.9770652500000001 0.9837397593749999 0.9872914999999999 0.9722580624999999 0.9915713546875 0.96604595625 0.991661375 0.9651894609374999 0.9830686078124999 0.971664571875 0.9669702546875001 0.9866273 0.9568923781249999 0.9970532765625 0.95329098125 1 0.960194534375 1
0 0.7387364375000001 1 0.732240246875 0.994548009375 0.7219626421875001 0.983414409375 0.7145554656249999 0.9748373703125001 0.7062409359374999 0.9650562375 0.697464175 0.9509038421875001 0.688539040625 0.93780716875 0.684595775 0.9275638 0.6797451578125 0.9161163390624999 0.6759502671875 0.90481725 0.674118446875 0.8948706265624999 0.6710654140625 0.8782929218750001 0.6696787140625 0.86517913125 0.6720697859375 0.855825996875 0.672201040625 0.8472318421875 0.672528740625 0.8390350062499999 0.6683336625 0.8385940859375 0.6673846593749999 0.8508612453125 0.667881128125 0.8703093734374999 0.6711167687499999 0.9009082218749999 0.6747632890624999 0.9132630328125 0.683408796875 0.9360095859375 0.6955182203125 0.95708980625 0.7118505328125 0.9787635187500001 0.7239428359375 0.9923053093749999 0.7351114937500001 1 0.7387364375000001 1
0 0.698779896875 0.7585845859375 0.7034666796875 0.7547893046875 0.7047163218750001 0.750517203125 0.7053028328125001 0.7449369265625 0.694761740625 0.7560183203124999 0.6839394890625 0.7773922343749999 0.6750148765625 0.8011095390625 0.6748016296875 0.8031384421875 0.6757125078125 0.8032341796875 0.6838853687500001 0.7881062515625 0.69191848125 0.7728710109375 0.698779896875 0.7585845859375
0 0.7333433671874999 0.7193263078125 0.7437771890625 0.7118471828125 0.7538766984375 0.70754883125 0.7598466140625 0.701744471875 0.7698346843749999 0.698506378125 0.777925115625 0.6929248937500001 0.7624128796874999 0.697726315625 0.7431626828125 0.7074947140625 0.7243041171875 0.7237360953125 0.708626325 0.740311790625 0.706282934375 0.74220943125 0.7115842234375 0.7427666187499999 0.71660531875 0.7357905640625 0.7262017578125001 0.7260794859375 0.7318373609375 0.7234559015625 0.7333433671874999 0.7193263078125
0 0.8394168718749999 0.6790205 0.8211696125 0.6792465765625 0.8209467374999999 0.6813670921874999 0.8394168718749999 0.6790205
0 0.8575526937500001 0.6798546812499999 0.8838362640625 0.6847611375 0.9129662984374999 0.693182678125 0.91921640625 0.6949115625 0.9098969609375 0.691788109375 0.8913695078125 0.6844809421875 0.870387225 0.6801316734375 0.85766413125 0.6787944234375 0.8394168718749999 0.6790205 0.8444952859375 0.681698203125 0.8575526937500001 0.6798546812499999
1 0.7113581468750001 0.724519359375 0.728264953125 0.716648603125 0.71079455625 0.6890851 0.6824477890624999 0.6936095265625 0.6856858812500001 0.7035975984375 0.7028728828125 0.703260084375 0.7113581468750001 0.724519359375