1 0.233352584375 0.2165353703125 0.23990644843750003 0.2387534390625 0.24623992343749998 0.2386428890625 0.2877418140625 0.2309293828125 0.2876304390625 0.2245487140625 0.279811015625 0.2028311109375 0.233352584375 0.2165353703125
0 0.20426349843749997 0.033094171875 0.2061511109375 0.033061223437499995 0.2061060328125 0.030478710937499997 0.19935344375 0.025366187499999998 0.1991190015625 0.025370279687500004 0.1985405796875 0.0310633453125 0.20426349843749997 0.033094171875
1 0.8309044453125001 0.2613186578125 0.83086481875 0.259048503125 0.8296004484375 0.247276015625 0.8275663281250001 0.2428259484375 0.8133899828125 0.24123613906250002 0.802861853125 0.26057414687499997 0.8194277812500002 0.27833892968749996 0.8226232031249999 0.27828315312499996 0.830544021875 0.2716398109375 0.8309044453125001 0.2613186578125
0 0.245331825 0.598356653125 0.24623433437500003 0.6038619625 0.2574983484375 0.6261504890625 0.26431229375 0.6504731296874999 0.26784596562499996 0.674681221875 0.268137540625 0.6976813390625 0.2668150171875 0.7042037078125001 0.2652633921875 0.7172866296875 0.2634063015625 0.7391169546875 0.2562348171875 0.7563826609375 0.2478553578125 0.7768904624999999 0.22495590000000001 0.8056492828125 0.20685016093750003 0.8225331562499999 0.1947843 0.8232065671875001 0.19900526875 0.8277330015625001 0.19549589218750002 0.8341790031249999 0.18999058124999998 0.8350815140625001 0.1884526703125 0.83771325625 0.1885803484375 0.8450279390625 0.190373834375 0.8449966343749999 0.22102650937499999 0.8241229656249999 0.253093384375 0.7836419296875 0.26607564375 0.7567263109375 0.277060528125 0.7213603671875 0.2761539140625 0.6694205453125 0.27584359062499997 0.665107675 0.26820350312499996 0.633092871875 0.25927907031249997 0.6065070125 0.2479005078125 0.587498765625 0.24371772187500002 0.58187890625 0.238288778125 0.5805945625 0.2412635875 0.5894565171874999 0.245331825 0.598356653125
0 0.38119876874999997 0.5099213234375 0.38109743906250004 0.50411613125 0.37309999843749997 0.5042557265625 0.351300715625 0.51008660625 0.349035590625 0.5124894624999999 0.356920559375 0.5123518296875 0.3573693171875 0.512054171875 0.36269956875 0.5108235859375 0.3649217640625 0.51221216875 0.37179574843749996 0.5120921828125 0.38119876874999997 0.5099213234375
0 0.5390625 0.6529284343749999 0.5341353203125 0.6111256218750001 0.5188856578125 0.5750417 0.5043729765625 0.550356634375 0.4889574078125 0.5344460890625 0.4646857375 0.5131223375 0.4600381171875 0.51055190625 0.45161746718750007 0.5106988890624999 0.46345515156249995 0.5184525890625 0.4788707203125 0.534363134375 0.48862833749999995 0.5455988265625 0.49125130156249996 0.5585559671875 0.508306734375 0.5770908484375 0.5226548828124999 0.6073522812500001 0.5304435625 0.6271163765625001 0.532328175 0.64327166875 0.5243722171874999 0.65827795625 0.52732425 0.6600823578125 0.530194703125 0.657376440625 0.5317610390625 0.6858893734375 0.5371600140624999 0.685795134375 0.5390625 0.679662984375 0.5390625 0.6529284343749999
1 0.3173542171875 0.4890625 0.3068634609375 0.5145560421875001 0.3107361125 0.5147207203125 0.3368704046875 0.51426454375 0.3480346796875 0.507303115625 0.35013050625000003 0.498734865625 0.37303658125 0.489955925 0.3730209859375 0.4890625 0.35564757812500003 0.4890625 0.3402089734375 0.4958889046875 0.34066224843750004 0.4890625 0.3173542171875 0.4890625
1 0.2466441796875 0.4890625 0.2371513625 0.49609647968750004 0.22644124375 0.5094145296875 0.2341369109375 0.5114687171875 0.2558435640625 0.5012415 0.2604865890625 0.516480075 0.24689568125 0.5528278375 0.25996549999999996 0.549316928125 0.2793697359375 0.532564346875 0.3076017546875 0.5200347109375001 0.3074871875 0.513471159375 0.2954158203125 0.5114933484375 0.303861709375 0.49383778749999996 0.3069262203125 0.4890625 0.2466441796875 0.4890625
1 0.7814591078124999 0.90087769375 0.7615744921875001 0.9012247796875 0.7615286625 0.9025371609375 0.7615861609375 0.9297422031250001 0.7919222218749999 0.9522654124999999 0.7931163124999999 0.9522445703125001 0.81753929375 0.932460815625 0.81743136875 0.926277825 0.8129146781250001 0.9019761453124999 0.7814591078124999 0.90087769375
1 0.7259093906249999 0.69662241875 0.7141580234375 0.6663501937499999 0.6879746515624999 0.6430949609375001 0.683408078125 0.6431746703125001 0.6834070953125 0.6536364265625 0.6722543578125 0.6533073578125 0.6908680765625 0.6699562546875 0.703987009375 0.690950934375 0.7122081 0.7004932703125 0.7231213859375 0.700302778125 0.725922928125 0.6973980203125001 0.7259093906249999 0.69662241875
0 0.5390625 0.6774884765625 0.54829035625 0.671608696875 0.572325071875 0.6601641203125 0.5944109546874999 0.6538310968750001 0.6101865828124999 0.64930750625 0.628521784375 0.6497408890624999 0.6471585578125 0.651225978125 0.6692520296875 0.652858059375 0.692853365625 0.659748684375 0.71931584375 0.6726479875 0.7307452390625 0.6807524953125 0.7444981265624999 0.6872199859375 0.7444507171875 0.6845038765625 0.7230665265624999 0.6658815812500001 0.696310065625 0.6598956765625 0.68488066875 0.6517911703125 0.6703194375 0.648091346875 0.5965281109375 0.6493793796875 0.5921529546875 0.6499258343750001 0.5664633828125 0.6595685671875 0.547084065625 0.6674018625 0.5390625 0.6725514671875 0.5390625 0.6774884765625
0 0.7779078046875 0.8157687499999999 0.7740722874999999 0.7841022000000001 0.7648626171874999 0.7580007515625 0.7471620421875 0.7317083296875 0.7537706078124999 0.74944029375 0.7639596359375 0.7689590984375 0.7698493421875 0.79292998125 0.77558629375 0.8081494625 0.7747596921875 0.8234835109375 0.7771957703125001 0.8376663499999999 0.77418131875 0.8530385875000001 0.7776349437500001 0.8628266312499999 0.7807066812500001 0.8507361687499999 0.7779078046875 0.8157687499999999