2 0.1702486 0.11737479375 0.22421946250000002 0.1264966328125 0.23842040937500003 0.1255036046875 0.23785479375000002 0.1174149171875 0.23086105468749998 0.07312124375 0.22202019218750002 0.068209653125 0.21023237187500002 0.0652626984375 0.20826773437499999 0.09866151875 0.1709396390625 0.1025907921875 0.1700978046875 0.1152183234375 0.1702486 0.11737479375
1 0.3146546421875 0.1405348890625 0.314539746875 0.1388918140625 0.3139539140625 0.1363542953125 0.313923740625 0.130082525 0.31212198281250003 0.1043161796875 0.2660906828125 0.08187417031250001 0.264766071875 0.08923708281250001 0.2562250453125 0.0871763046875 0.2356031046875 0.0852142640625 0.2366905546875 0.10076552812499999 0.2452582359375 0.1270100109375 0.3127332828125 0.14066924375 0.3146546421875 0.1405348890625
1 0.1724016109375 0 0.1740549609375 0.023244140625 0.16527057812499998 0.046008328125 0.162790521875 0.078029884375 0.152056634375 0.092115059375 0.151964109375 0.100222909375 0.18193890625 0.0981268671875 0.1922328703125 0.0473742328125 0.1893335921875 0.0059126375 0.1890852609375 0.003552046875 0.18786219375 0 0.1724016109375 0
0 0.45453644375 0.0499844015625 0.45063463125 0.054917834374999995 0.446437365625 0.0498379078125 0.4426820453125 0.0466722625 0.43664374375000004 0.0379847421875 0.427734015625 0.0299601375 0.41668903593750006 0.021420346875 0.4083689828125 0.020316709375 0.4051511 0.023535196875 0.40551526875 0.028743040625 0.4342154984375 0.05366770625 0.4599863015625 0.06485671875 0.486051328125 0.0729533359375 0.49035485 0.0734276921875 0.4994417875 0.07279227187500001 0.499032 0.066932040625 0.49400268281250004 0.0680931484375 0.489216971875 0.0691980171875 0.4806759484375 0.06713723906249999 0.472502390625 0.057934521875 0.469778690625 0.063604125 0.46433006250000003 0.0618375703125 0.4583650078125 0.049100506249999995 0.45453644375 0.0499844015625
2 0.154730790625 1 0.156903846875 0.9840642640624999 0.15002761874999998 0.9742410812500001 0.153956890625 0.954594715625 0.14315139062499999 0.955577034375 0.1362751625 0.9732587625000001 0.13332820781250002 0.9771880359375 0.1362751625 0.9781703546875 0.12252270624999999 0.9860289 0.09207084062500001 0.9850465812500001 0.09796475 0.9958520828124999 0.13529284375 0.991922809375 0.1462547453125 1 0.154730790625 1
1 0.0635525125 0.9400511093749999 0.07518716875 0.9555118703125001 0.08873610781249999 0.9705306828125 0.10050852343750001 0.9827368171875002 0.1081918515625 0.982199546875 0.1279068953125 0.9786260671874999 0.13137643593749998 0.9755445328124999 0.129433634375 0.947761196875 0.1259156703125 0.9438002749999999 0.10272206875 0.9350407374999999 0.0851248203125 0.9330544374999998 0.06266615625000001 0.910011025 0.0516944203125 0.8974216890625 0.04933883125 0.8999205124999999 0.0504787359375 0.916221921875 0.0635525125 0.9400511093749999
1 0.21901270312499999 1 0.23069266093750002 0.9846733750000001 0.23059242656249998 0.9832399578125 0.22418572656250002 0.9729849484375 0.22130742187500002 0.9646257468750001 0.2241197171875 0.9575231671874999 0.2228446625 0.953820140625 0.20699427343750001 0.9549285078124999 0.20600426875000002 0.9563890828125 0.19764506875 0.9592673859375 0.19341278125 0.97111388125 0.186499465625 0.9631051249999999 0.1766331109375 0.9706580656250001 0.164133525 0.9947015 0.1625924046875 1 0.21901270312499999 1
0 0.372431090625 0.9374867234375 0.37000161249999997 0.9400639265624999 0.364626234375 0.9342478328125001 0.36109188593749997 0.9320393265625 0.3548326109375 0.9223946656249999 0.34724872812499996 0.9201129140625 0.3440086015625 0.9148120109375 0.3343627109375 0.9079655265625 0.32604265625 0.9068618921875 0.324142109375 0.9099034015624999 0.324713546875 0.9180753375 0.3295782328125 0.9221761546875001 0.35336150625 0.9378566546875 0.37670283437499996 0.9516228718749999 0.3937848859375 0.9557444296875002 0.41299236562499997 0.9577531875 0.4183083953125 0.9573814546874999 0.4180025703125 0.9530079703125001 0.416020115625 0.9516191812500001 0.4102772671875 0.9529450203125001 0.40313532968750004 0.952577553125 0.3915751515625 0.9461730156249999 0.3812675703125 0.9495608656249999 0.3818560125 0.9433760687500001 0.3788368609375 0.9390323078125 0.372431090625 0.9374867234375
0 0.1639022484375 0.746305328125 0.1633826 0.7388740109375 0.15440574375 0.729212840625 0.12291930468750001 0.7202058 0.1230003265625 0.721364475 0.139292321875 0.7373303515625 0.1479000640625 0.739091796875 0.15985182343749998 0.7467724406249999 0.1629736703125 0.746554140625 0.1639022484375 0.746305328125
0 0.1056201125 0.7953130578125001 0.1115230890625 0.781225871875 0.1114529765625 0.7802232281249999 0.10815085625000001 0.78014771875 0.106847684375 0.7802388453125 0.1061342078125 0.7812577984375 0.10197718281249998 0.8029377078125 0.0979907390625 0.8255850125 0.0995366046875 0.8449690203125 0.10264732343750001 0.844751496875 0.10203089375 0.8258700953125 0.10300065 0.8087420765625 0.1056201125 0.7953130578125001
1 0.8270888781250001 0.79184595 0.8342588203125001 0.7577887203125 0.8713141109375 0.7342902453125 0.8710069140625001 0.7298971406250001 0.8656930046875001 0.726354534375 0.81264781875 0.7509124921874999 0.766478859375 0.744036265625 0.764514225 0.75975335625 0.7861252249999999 0.765647265625 0.80184231875 0.7872582687499999 0.808468296875 0.793148028125 0.8270888781250001 0.79184595