1 0.29748406875 0.1161544328125 0.2827151328125 0.10186501249999999 0.2795648375 0.102054103125 0.2696333375 0.11433491250000001 0.26817101875 0.12019995312500001 0.2717978390625 0.1309210515625 0.2783628796875 0.1325579 0.2866032453125 0.12977028125 0.29748406875 0.1161544328125
0 0.9076218749999999 0.09705501875 0.8935871765625001 0.10384134062499999 0.8981875328125 0.1060168953125 0.91319319375 0.10358688593750001 0.9119807906249999 0.10019893124999998 0.9185152640625001 0.09874248906250001 0.9289231703125 0.09825180156249999 0.92698385 0.0936540484375 0.9272252890624999 0.092685690625 0.9076218749999999 0.09705501875
0 0.8277804109375 0.1532614875 0.8345511140624999 0.1426069359375 0.840358665625 0.1399406953125 0.8415658609375001 0.1350989 0.8526954828125 0.127588259375 0.8672130593749999 0.118865221875 0.8773769250000001 0.1152280171875 0.8744692453124999 0.110388825 0.8720496484375 0.111842665625 0.8643053796875 0.1140260296875 0.8451926515625001 0.1288032640625 0.8258410906249999 0.148663734375 0.8084236421875 0.16489220625 0.788841053125 0.20218053593750002 0.7830517218749999 0.23365090312499998 0.7789498609375001 0.25422788125 0.7840539203125 0.28738571875 0.788900921875 0.2968226625 0.787919546875 0.2760068484375 0.7893629750000001 0.26196694374999996 0.7927535328124999 0.26486941875 0.794446209375 0.26220578125 0.7883868078124999 0.24938088125000002 0.7900742765625 0.23848749218749998 0.7944175765624999 0.21694215468750003 0.7982858078125 0.20967816093749997 0.8072294624999999 0.1903083765625 0.8144830437499999 0.1777171078125 0.8239147843750001 0.16464035625 0.8243976625 0.16270363906250002 0.8277804109375 0.1532614875
1 0.9398139546875001 0.095824396875 0.9499778203125 0.09218719375 0.9603805218750001 0.08346675625 0.9695812343749999 0.0878178640625 0.97102986875 0.0820077109375 0.9569821546874999 0.06821965625000001 0.955286875 0.0667684203125 0.923331028125 0.0588009328125 0.9368984671874999 0.0786405796875 0.906648309375 0.088583828125 0.911007228125 0.0917277421875 0.9289179640625 0.09002205156250001 0.9398139546875001 0.095824396875
1 1 0.046031403124999995 0.9802019468750001 0.041095193749999995 0.9526076203125001 0.04038649375 0.95091494375 0.0430501328125 0.95745201875 0.0457085640625 0.9274380953125 0.04645370625 0.9240527421875001 0.051780981250000004 0.9579453078124999 0.060231346875 0.9562526312500002 0.06289498437499999 0.9659414281250001 0.07353912500000001 0.9763545421875002 0.08127818906249999 0.97272775 0.0875738234375 0.968129996875 0.08951314375 0.9664373203124998 0.0921767828125 0.9858045015624999 0.0970055625 1 0.09976159999999999 1 0.046031403124999995
1 0.5071537125 0.6087716296875 0.5082898640625 0.607673071875 0.5170350546875 0.6058835015625 0.52116789375 0.5904595359375 0.5119938546875 0.5745696312499999 0.49125184062500005 0.5555801 0.487257425 0.5627754781250001 0.49631158593749997 0.571400790625 0.5001490328125 0.587927178125 0.477544515625 0.5845819515625 0.4770375484375 0.586615290625 0.49171280937499995 0.6001316359375 0.49164359687500003 0.6042459296875 0.493524025 0.6053733671875 0.5071537125 0.6087716296875
1 0.40855196562499996 0.6104381437499999 0.40420085625 0.61963885625 0.419445353125 0.6121256140625 0.4361462921875 0.6111468437500001 0.46058889687500004 0.603869834375 0.4741433203125 0.6031351046875 0.467120765625 0.5982985171874999 0.45912985156249997 0.5932204875 0.4755737328125 0.5685208265625 0.500743259375 0.5624536156250001 0.5024333328125 0.555675103125 0.46854857499999997 0.5595693625 0.4862126671875 0.5506022796875 0.4571671046875 0.551588859375 0.4310292203125 0.5574146328125 0.4186898 0.565652190625 0.420390284375 0.575333178125 0.411675053125 0.5731602265625 0.41556150468749997 0.5947003578125 0.4242741328125 0.5927584343750001 0.40855196562499996 0.6104381437499999
0 0.5034355296874999 0.6094099171874999 0.50634060625 0.610134234375 0.5102114390625 0.6069851156249999 0.51868523125 0.610126425 0.5174780359375 0.6149682203125 0.5336960984375 0.6159261671875 0.5358716515624999 0.6113258125 0.503674365625 0.6043266828125 0.5034355296874999 0.6094099171874999
0 0.3243932296875 0.7293387015625 0.32825625468749997 0.71384495625 0.34203910312499997 0.69156749375 0.35195111562500003 0.6724391484375 0.3679173265625 0.6579059546874999 0.3676732859375 0.654759440625 0.3812199 0.6416800859375 0.37807078125000004 0.637809253125 0.3795220171875 0.6361139734375 0.373473028125 0.6397485734374999 0.3529090640625 0.6562210875 0.3354968234375 0.6806793109375 0.320504178125 0.7036836937500001 0.3110906578125 0.7455645703125 0.3101405203125 0.7741272578125 0.3118462109375 0.79203799375 0.3179160234375 0.8213223953125001 0.3285809875 0.8445525984375 0.345785628125 0.8745561109375 0.368551175 0.894631990625 0.35522517656249997 0.873823984375 0.35231489531250004 0.86486991875 0.3544904484375 0.8602695609375001 0.34747049531249996 0.8595478484375001 0.344562815625 0.8547086562499999 0.33147825625 0.8329322921875001 0.3237183703125 0.8104264046875 0.3191049984375 0.7876764749999999 0.320532809375 0.7489473203125 0.323430078125 0.7373270125 0.32149075625 0.732729259375 0.3243932296875 0.7293387015625
2 0.8754282703125 0.7860149046875 0.81284515 0.8755844265625001 0.810616890625 0.884521484375 0.8135567859374999 0.8852544828125 0.850503409375 0.8907873531250001 0.903168621875 0.8253418031249999 0.875625190625 0.78606766875 0.8754282703125 0.7860149046875
1 0.825220615625 0.918717159375 0.8312800171875001 0.931542059375 0.8387906578125 0.94267168125 0.8361348281250001 0.9533236296875 0.85816304375 0.9557302109375 0.869767734375 0.9339382296875 0.8683086875000001 0.923288884375 0.8431157375 0.8923222187500001 0.8312591953125 0.8986230593750001 0.825220615625 0.918717159375
0 0.7171535796875 0.7416037703125 0.7161904265625 0.7495920796875 0.7224834578125 0.749103996875 0.74281639375 0.750059340625 0.769930446875 0.756819634375 0.8006843046875 0.777858665625 0.8142465375000001 0.7894685640625 0.7861459046875 0.75366270625 0.762656040625 0.736491903125 0.72730443125 0.7173921906249999 0.6883286296875 0.7087029890625001 0.662912459375 0.7075088093749999 0.6713862515625 0.7106501187500001 0.6866385578124999 0.715481503125 0.6970490671875 0.719105690625 0.704074225 0.7280571546875001 0.7089186234375 0.7333792265625 0.7171535796875 0.7416037703125
0 0.7512712125000001 1 0.7679006578124999 0.9918529921874999 0.7930571671875001 0.9652114062500001 0.8174893609375001 0.9414748968750001 0.8186965562499999 0.9366331015625 0.8034520609375001 0.9441463453125 0.777807465625 0.9644948984374999 0.7357007687499999 0.9807389890625 0.7059282828125 0.9805157703125001 0.7076287703124999 0.9901967578124999 0.702076915625 1 0.7512712125000001 1