0 0.509375 0.43698889531249996 0.49432547187500003 0.43539985625 0.48352785000000004 0.433533703125 0.472730228125 0.431667546875 0.442905009375 0.4164864875 0.4303788359375 0.41723834687499994 0.4191885703125 0.4134775515625 0.41903266875 0.41525951718750004 0.4354772640625 0.42887506406250003 0.4677325296875 0.442653134375 0.5026535203125 0.44843468125 0.509375 0.449022734375 0.509375 0.43698889531249996
1 0.6279239171875 0.14060145468750002 0.6342861328125 0.14115807656249998 0.6455757609375 0.1377529125 0.6577797421875 0.1304850546875 0.660638909375 0.1102339828125 0.6320800109375 0.10425789062499999 0.603820615625 0.12278931875000001 0.6031724078125 0.130198371875 0.6233010718750001 0.12513115625 0.6268831500000001 0.130739834375 0.632334790625 0.1351544828125 0.6279239171875 0.14060145468750002
1 0.6821774328125001 0.1186840578125 0.702033959375 0.11431878749999999 0.725643628125 0.09697528125 0.73631205625 0.09447411875 0.7323983500000001 0.0880114625 0.7217299203125 0.0905126265625 0.69353213125 0.0894665015625 0.6906326921875 0.068835915625 0.6774631015625 0.060668650000000005 0.6576449999999999 0.07647747187500001 0.66997025 0.085765215625 0.6647661406250001 0.091505671875 0.6531471609375 0.0801150421875 0.6368444890625 0.092424365625 0.643015078125 0.093560771875 0.6203551375 0.1130756453125 0.6203378015625 0.1132737921875 0.6309333390624999 0.11420078125 0.64663671875 0.105073540625 0.6727156921875 0.1124283234375 0.6758173828125 0.1181276265625 0.6821774328125001 0.1186840578125
0 0.801935821875 0.11633078125 0.8083868734375 0.11908639531250001 0.8281159656250001 0.133616325 0.8466300312499999 0.14884775156250002 0.8588810062500001 0.1644551078125 0.8648185312500001 0.169127240625 0.8662215203125001 0.1715572921875 0.8649376953125 0.176348590625 0.866785415625 0.1809519234375 0.8746394593750001 0.18613758593750002 0.889916309375 0.23644869375000002 0.89053056875 0.25715447812500003 0.889159509375 0.2814365375 0.88364828125 0.2943386453125 0.8787193828125 0.3012344265625 0.8822956578125 0.30321974687500003 0.8829283515625 0.3085245765625 0.8822084218749999 0.3227105046875 0.875401034375 0.34105830625 0.87714349375 0.34121075156249997 0.887770015625 0.321119553125 0.893675609375 0.299079578125 0.8997691671875 0.280171146875 0.8994989062500001 0.23901634375 0.8948636421874999 0.2141519546875 0.8886189890624999 0.199126928125 0.8793803921875 0.176110259375 0.87166395 0.1627449875 0.8501559406249999 0.13952191875 0.829280625 0.12160367968750001 0.8127366968749999 0.112853359375 0.794613309375 0.11126776875 0.7945633328125 0.1118389953125 0.7957415343750001 0.1126169078125 0.795929496875 0.1157484515625 0.801935821875 0.11633078125
0 0.63221580625 0.15349151875 0.6405215625 0.151487509375 0.6405549203125 0.15110622499999998 0.638387984375 0.14880752656250001 0.632885303125 0.150591609375 0.6171947046875 0.1612233703125 0.615999928125 0.16285590781249998 0.6157076531250001 0.166196634375 0.6204814265625 0.1666142859375 0.628274040625 0.161744921875 0.6277537359375 0.1595884796875 0.63221580625 0.15349151875
0 0.5799120796875 0.2386999640625 0.5839145140625 0.22709989687499998 0.586928659375 0.2154133625 0.592994134375 0.202997934375 0.5987137515625001 0.194535659375 0.6063234828125 0.1872346 0.603272153125 0.187963496875 0.5985036390625 0.1855545984375 0.596267671875 0.1883465359375 0.5893003718750001 0.19968721250000002 0.5804801453125 0.22082430937500003 0.575057103125 0.23727935625000002 0.5719564937499999 0.24995417656250002 0.5682506375 0.26954701718749996 0.56960986875 0.29954152500000003 0.5754410390625 0.32395215781250003 0.584755859375 0.342692453125 0.5919211734375 0.363236396875 0.6063503640625 0.3804324359375 0.6202235859374999 0.39260056875 0.615887390625 0.38525023125 0.606226715625 0.3704630890625 0.6004327296875 0.3570100921875 0.6042129546874999 0.359332525 0.6035705234375 0.35529290625 0.6020262671875 0.3501785359375 0.592316309375 0.3473373203125 0.5906855890625 0.3432112375 0.5850645296875 0.32778166406250003 0.581889553125 0.3185412125 0.5830507703125 0.31665109999999996 0.5823218734375 0.3135997703125 0.581679440625 0.3095601515625 0.5803081125 0.30246920624999996 0.579801425 0.285495375 0.5810983859375 0.27067104999999997 0.5830377765625 0.259886340625 0.5827412015625 0.25189356875 0.5808510874999999 0.250732353125 0.580035728125 0.2486693125 0.5799120796875 0.2386999640625
1 0.10900761562500001 0.632283775 0.11498370625000001 0.603724878125 0.10517075625000001 0.5957785078125 0.0891772984375 0.59546443125 0.08486336562499999 0.6208560453125 0.10900761562500001 0.632283775
2 0.7911450953125 0.5370760984375 0.7588440984375 0.5524414078125 0.7291445140625 0.5356123984375001 0.721250128125 0.575487290625 0.721002803125 0.5783142296875 0.7468978765625 0.5716525109375 0.76464878125 0.5828699 0.767871053125 0.5831518124999999 0.7911450953125 0.5370760984375
1 0.844530584375 0.5861504703125 0.8412327078124999 0.5739491828125 0.7927441859375 0.5497075953125 0.7729706328124999 0.593860234375 0.7727829156249999 0.59600585 0.787526184375 0.6036930359375 0.8157424171875001 0.6061616359374999 0.8434712125000001 0.5982591328125 0.844530584375 0.5861504703125
1 0.6356441546875 0.568283346875 0.658779990625 0.5662660984375 0.7136575625 0.5799434390625 0.7207629046875 0.5631285984375001 0.7221573203125 0.5471903515625 0.7181097984375 0.5441622625 0.669871246875 0.5363720796875 0.6487207328125 0.53481305625 0.6000190171875001 0.5402505453125 0.587167275 0.5460504703125 0.604090384375 0.5557203000000001 0.5912386421875 0.5615202234375001 0.5593704921875 0.57922926875 0.558689715625 0.58701058125 0.560243346875 0.5885137703125001 0.562353365625 0.588698371875 0.5942325875 0.569511865625 0.6356441546875 0.568283346875
0 0.509375 0.7799346203124999 0.50970561875 0.7826338734375 0.519146334375 0.812303721875 0.528959409375 0.8359505875 0.5488112093749999 0.8558061171875 0.5747612171875 0.8668879421875 0.600488059375 0.8789364046875001 0.624578765625 0.8936616125000001 0.6401998953125 0.89979195 0.7113768734375 0.9060191281249999 0.7198307375 0.9044525171875 0.7476412859374999 0.89865518125 0.767198434375 0.8889160796875 0.818138028125 0.8446776765624999 0.8330864015625 0.8196203343749999 0.8466970234375001 0.7871270328125 0.8542106859375 0.7501716625 0.85124053125 0.70570511875 0.8426924765624999 0.6721687203125 0.8275259125 0.645249590625 0.8125072953125001 0.6265098859375 0.799049596875 0.6142395015625001 0.8038075640625 0.624501396875 0.8122089125 0.6366225875 0.8241044531250001 0.6556594328124999 0.8326537500000001 0.6759600515625 0.8359235312500001 0.6970781171875 0.8367397328124999 0.715593409375 0.8325735578125 0.7380492265624999 0.8222352046875001 0.7651890359375 0.7880255796875 0.816344334375 0.7641543078125 0.840359821875 0.737978646875 0.8567161890625 0.71187820625 0.86392649375 0.6874138984375 0.8684600515625001 0.651202 0.86213619375 0.6248056609375 0.8529876421875 0.5920164640625 0.8230181640625001 0.5707541828125 0.7784011859375 0.5625045109375 0.7347520890625 0.5667471468749999 0.6899144296874999 0.5776070515625 0.6516952828125 0.5947858375 0.630207346875 0.607056221875 0.616749646875 0.61612955625 0.5994993734375 0.6474355390625 0.587381909375 0.669297075 0.58530193125 0.693315053125 0.5827016484375 0.7061044984375 0.584636165625 0.7359975140625 0.5742288125 0.7330976031249999 0.5735593156250001 0.698818978125 0.5676817875 0.67495019375 0.565225721875 0.643719428125 0.56819711875 0.6217086984375 0.57533345 0.6021515484375 0.58507255 0.5849740078125001 0.59332470625 0.566234303125 0.608343321875 0.5466019375 0.6272284875 0.533885221875 0.6426194609375 0.5213164546875 0.6661898625 0.51045779375 0.69117323125 0.509375 0.6978690249999999 0.509375 0.7799346203124999