1 0.8046306906249999 0.128025321875 0.78307186875 0.108690809375 0.7665939984375 0.104480784375 0.7412652625 0.10403866875000001 0.7474952203124999 0.1140086875 0.7843613015625 0.139173915625 0.7674067546875 0.167526815625 0.7732541609375 0.1749202484375 0.7772418906249999 0.1749898546875 0.7931782500000001 0.1505773546875 0.804494996875 0.135799175 0.8046306906249999 0.128025321875
1 0.4890625 0.7421606875 0.48429478281250005 0.72058960625 0.4522902875 0.7329774390624999 0.44883004531250004 0.7479653984375 0.44875339218750004 0.7523568 0.4756383609375 0.7726913890625 0.48689971249999997 0.77288795625 0.4890625 0.7711094359375 0.4890625 0.7421606875
0 0.43025721875 0.825165484375 0.43452579687500004 0.8130677531250001 0.43774493281250004 0.8029804109375 0.4389890796875 0.789815534375 0.43377725624999997 0.7978393890625 0.42938477500000005 0.8170354296875001 0.4188726265625 0.8381533578125001 0.41049476875 0.8532224203125001 0.3784044890625 0.890193353125 0.354815965625 0.9049969125 0.33128054375 0.916758340625 0.2986718234375 0.9253183328125001 0.2631625734375 0.9257128703124999 0.250994040625 0.9255004671875 0.22978761093750003 0.9200585406249999 0.2156794921875 0.9147405171875 0.1985646390625 0.907341303125 0.18146748906250001 0.8989280453124999 0.1614344046875 0.8843774203125001 0.14250386718750002 0.8647742734375001 0.1325935265625 0.8514146968750002 0.12371493125 0.8370587734375 0.1178607671875 0.8237699968750001 0.1130029484375 0.8115129640625 0.10898217031249999 0.8094140734374999 0.111900403125 0.816565484375 0.121616040625 0.8410795499999999 0.13542325625 0.863636328125 0.1563641828125 0.8842889203125001 0.1763795671875 0.8998535890625 0.2115525140625 0.9187258937500001 0.2358010765625 0.9242209203125 0.25803925 0.9286665015625001 0.2763097484375 0.9279710624999999 0.304720690625 0.9274526218750001 0.3261041203125 0.9227541046875001 0.3526816765625 0.9110457796875 0.3721609203125 0.8992135515624999 0.3845418546875 0.887257421875 0.3969227890625 0.87530129375 0.40622618906249996 0.865320153125 0.4166321375 0.8502864890625 0.42291110468750004 0.8392382031250001 0.43025721875 0.825165484375
1 0.2935308015625 0.929286009375 0.280312825 0.93108399375 0.274193159375 0.9330058828125001 0.28518834375 0.942326984375 0.2820400109375 0.9483581484375 0.3196658515625 0.942928790625 0.3433074734375 0.9250830984375 0.3597445859375 0.9131977687500001 0.356737853125 0.9111165812500002 0.3219771421875 0.92673948125 0.308776865625 0.9275234234374998 0.2935308015625 0.929286009375
0 0.10022234375000001 0.730141615625 0.0996736375 0.7615769890624999 0.10154242499999999 0.7707387890625 0.10145392499999999 0.775809009375 0.10248566875000001 0.7748126656250001 0.10380061562500001 0.7575916125 0.10593490624999999 0.7515427484374999 0.10623581093750001 0.73430399375 0.1063951125 0.7251775953124999 0.10751535781249999 0.7191110296875 0.1097558484375 0.7069778984375 0.10555806875 0.7150194515624999 0.10022234375000001 0.730141615625
0 0.12147674374999999 0.6747231828125 0.126617765625 0.67075550625 0.13702371093750002 0.65572184375 0.1474119578125 0.6417022250000001 0.1598459921875 0.6267039624999999 0.144369825 0.641649125 0.134016978125 0.653640653125 0.125656821875 0.6676956734375 0.12149444375 0.6737091390625001 0.11836380937499999 0.6787262593750001 0.112014040625 0.693830721875 0.1077454609375 0.7059284531250001 0.11180163750000001 0.7059992546875 0.11293958281250001 0.69891864375 0.11612331875 0.690859390625 0.120338796875 0.68180379375 0.12147674374999999 0.6747231828125
1 0.0748307046875 0.6739089734375 0.075738546875 0.6800109390625 0.0880309796875 0.67312503125 0.10799326406250001 0.6917318328125 0.1151977734375 0.68577146875 0.09532399375 0.6620944453125001 0.082070615625 0.6659205187499999 0.0748307046875 0.6739089734375
0 0.5082537484375 0.589346790625 0.510303240625 0.6210462453125001 0.5172181328125001 0.6497054578125001 0.53006225625 0.6797335437500001 0.5522565109375 0.709838525 0.5826614453125 0.7314303265625 0.59337918125 0.73910909375 0.5775691734375 0.7219276718750001 0.5595546109375 0.705278165625 0.54017371875 0.6674956906249999 0.5356928 0.62378525625 0.5497608984375 0.5718666859375 0.5635995828125 0.5344674203124999 0.5776651390625 0.509611046875 0.6016127453125 0.48703612500000004 0.6354424015625 0.46674265468750004 0.6698027 0.4621848375 0.699069453125 0.461655465625 0.7262829015625 0.47001993750000004 0.7668736562499999 0.49708594999999994 0.7914237171874999 0.535020946875 0.800695684375 0.557979075 0.804417815625 0.586942059375 0.8093575703125 0.6016138859375 0.809431921875 0.61932595 0.8086693203124999 0.6451717968749999 0.8003048500000001 0.67238524375 0.7909534421875 0.68583945 0.7865430609375 0.700434378125 0.7822852015625 0.7098601375 0.7774954265625 0.717081340625 0.76388743125 0.7264302062500001 0.750735725 0.733802659375 0.7216958453125001 0.746874925 0.6985864671875 0.7477849609375 0.667189509375 0.7665583140625 0.6644833968749999 0.7688395031249999 0.6707346734375 0.7689486203125 0.7050463390624999 0.7648894875 0.7271675140625 0.7637513046875 0.7454127625 0.7523504078125001 0.7647974671875 0.749539584375 0.7893526125 0.7333501828125 0.8176337046875 0.7055304671875 0.8383129265625 0.6790783499999999 0.8525310031250001 0.6490528062500001 0.8604359468749999 0.6179793765625 0.8615733640624998 0.5528167484375001 0.8575590953125 0.532594603125 0.8469951515625 0.5062155671874999 0.8244202296875001 0.4822679609375 0.8129424390625001 0.4733728453125 0.7957635578125 0.4621206546875 0.7808648609375 0.4545175140625 0.75570471875 0.4372591984375 0.7223338953124999 0.42851405781249996 0.7005936453125 0.42097923281250005 0.65121741875 0.42011736875 0.6236633796875 0.42759257812499996 0.5861090499999999 0.4459852640625 0.5608694703125 0.46513928125000004 0.5417872609375001 0.48467396406249996 0.527189790625 0.5073257828125 0.516013225 0.5286856249999999 0.5090919781250001 0.5676819078124999 0.5082537484375 0.589346790625
2 0.6881550921875 0.771573028125 0.6637118265625 0.7772324875 0.6435902421875 0.767752084375 0.6255018781249999 0.816125309375 0.652132534375 0.80137485 0.6654213125 0.7955206859375 0.69360215 0.8081848234375 0.6881550921875 0.771573028125
1 0.622565946875 0.8099879421875 0.637559078125 0.7646037515625 0.58041675625 0.7407815484375 0.575060034375 0.7422114078125001 0.5685863640625 0.76441418125 0.5591944625 0.77946554375 0.622565946875 0.8099879421875
1 0.7685300953125 0.7577606796875 0.7298725109374999 0.76418638125 0.6881019921875 0.7746151609374999 0.7007535609375 0.8052665921875001 0.748626046875 0.793929971875 0.8017988546874999 0.7694992734375 0.8245326359374999 0.7455516156249999 0.8448260890625001 0.6870733484375 0.815724840625 0.727139515625 0.7932034625 0.7389186437499999 0.7747913625 0.7477264359375 0.7685300953125 0.7577606796875