1 0.206244778125 0.25844778281249997 0.15648586874999998 0.26505615 0.1544505609375 0.2816324046875 0.154682925 0.2901863046875 0.185382603125 0.2939557515625 0.1990799640625 0.2949913375 0.206244778125 0.25844778281249997
0 0.307600465625 0.40446684218750006 0.305978228125 0.40657601874999993 0.305737853125 0.40853371562499996 0.3130717703125 0.4119592265625 0.31706819531249997 0.4124499265625 0.31908314843749996 0.40983015 0.307600465625 0.40446684218750006
3 0.45806487812499996 0.0394075875 0.45753253125000004 0.0377124859375 0.4510688515625 0.036918846875 0.44097383125 0.0379282140625 0.440865015625 0.038814440625 0.4486228484375 0.039766982812500004 0.45806487812499996 0.0394075875
1 0.9919772828125 0.11295175625000001 0.9807175812499999 0.10474022031250001 0.9878184921875001 0.074676428125 0.974890921875 0.071308734375 0.9699512171875 0.07936050781250001 0.9639149343749999 0.10003823125 0.9532405734375 0.10362403906249999 0.9516924124999999 0.1162328 0.951764415625 0.1164434 0.9603306968750001 0.118788253125 0.98489655625 0.1218045609375 0.9919772828125 0.11295175625000001
1 0.069009678125 0.6719770640625 0.0798070609375 0.6287683640624999 0.0948723609375 0.6135497578125 0.09604020937499999 0.6040384 0.0959285140625 0.6039778484375 0.0785686234375 0.6229237984375 0.04990303125 0.6054680484375 0.0497328265625 0.606481059375 0.048311021875 0.6180607281249999 0.0665139609375 0.6296093234375 0.06125473125000001 0.67005990625 0.06308398125 0.6712494796875 0.069009678125 0.6719770640625
2 0.559375 0.6653392625000001 0.5745649765625 0.663982996875 0.5787178765625 0.6787622109375 0.5902441140625 0.6801774546875 0.5909381921875 0.679373396875 0.5888268437499999 0.663475609375 0.5908921921875 0.6511832359375 0.5823010828124999 0.635221546875 0.5761229421875 0.637428753125 0.5730568703125 0.6526274375 0.559375 0.655128103125 0.559375 0.6653392625000001
1 0.559375 0.7464943890625 0.570264025 0.7009984828125 0.574843725 0.690498509375 0.5758669109375 0.6904448859375 0.572153878125 0.6783275234375 0.5638075203125 0.6756869484375001 0.5643481 0.6664246515625 0.561171296875 0.6645391484375 0.559375 0.6655581374999999 0.559375 0.7464943890625
1 0.5958097484375 0.66826695625 0.599835065625 0.6677416609375 0.609221434375 0.65704098125 0.6170437984375 0.6543864265625 0.6203955750000001 0.642512740625 0.6256481640625 0.647708809375 0.6260674265625 0.650921609375 0.63489555625 0.648462553125 0.64464466875 0.6305260140625 0.656572553125 0.60675038125 0.6508724406249999 0.5931171875000001 0.6363442 0.5819430453125001 0.6442772828125001 0.5626097390625 0.6136873781250001 0.5911079781249999 0.5848061999999999 0.6286583078125 0.5839929453125 0.6352817328125 0.5894406046875 0.640670771875 0.5875138578125 0.6559527562499999 0.5931083609375001 0.6679352671875 0.5958097484375 0.66826695625
0 0.7565380109375 0.5762312828125 0.779143475 0.5790068859375 0.7903309203125 0.5792021640625 0.8068828 0.5702683609375 0.8130472859375001 0.569351215625 0.8099203390625 0.5723708750000001 0.8180979296875 0.5735383609375 0.8253762578125 0.5675169265625 0.8284674437499999 0.5665461374999999 0.8315049828125 0.5686486515625 0.8324400078125 0.5737887015625 0.8478780468749999 0.5699591890625 0.8560556390624999 0.5711266765625 0.8590395328125 0.5763024921875 0.8703440703125 0.5744503203125 0.8683667281249999 0.5703168203125 0.847949571875 0.5658614546875 0.8256535890624999 0.5626783328125 0.8231289984375 0.5623683515625 0.8029102343750001 0.563025796875 0.7710454875 0.568618071875 0.7568934046875 0.5733368296875 0.7565380109375 0.5762312828125
0 0.7042157546875 0.87120823125 0.6879445078125 0.8692103718750002 0.6866778218749999 0.8711194140625 0.7100857656249999 0.8822518234375 0.7313169125 0.8858909656249999 0.7465712078125 0.8877639578124998 0.7456791203125 0.8866221375000001 0.7328333296875 0.8819480203125 0.7260892562500001 0.8780230984374999 0.7235378625 0.8735806875 0.7042157546875 0.87120823125
0 0.662120796875 0.8552212765625 0.664143940625 0.8528683296875 0.6516727484375 0.845143353125 0.6417349265625 0.8336002953125 0.6241609453125 0.816990496875 0.6145977203124999 0.8023965796875 0.616524784375 0.8119237546875 0.626212875 0.8255007187500001 0.656900403125 0.8530112203125 0.662120796875 0.8552212765625