1 0.245496571875 0.2474492 0.25349482343749996 0.2474666515625 0.2578136578125 0.24193879687500003 0.2620115890625 0.23542627343750003 0.2647913125 0.22532086875 0.265290271875 0.22125716718750002 0.250710346875 0.2194669765625 0.22143326718749998 0.22241741718750002 0.2212101828125 0.2229193296875 0.2205655921875 0.2281690921875 0.24195550781250003 0.23489030937500002 0.22801433906250002 0.251594775 0.2290990984375 0.2561693015625 0.2343050421875 0.2568085109375 0.245496571875 0.2474492
1 0.2787692234375 0.222253478125 0.2640027140625 0.2321187140625 0.2985773125 0.236363940625 0.33401644375 0.2384772703125 0.3341096765625 0.23771795624999997 0.3114865484375 0.2193813625 0.30700016093750004 0.19980100781250001 0.3386214765625 0.20097228125000002 0.33951039843749997 0.193732603125 0.3064106546875 0.1869176625 0.2990384609375 0.18106720781250002 0.272932465625 0.1831784515625 0.22224563437499997 0.189011790625 0.2240244234375 0.1928264109375 0.227581996875 0.20045565468749998 0.2541952390625 0.20275195781250002 0.2787692234375 0.222253478125
0 0.23463924375 0.27343192968749996 0.23866815937500002 0.2746608109375 0.24137573437499998 0.2749932578125 0.241961840625 0.2702198 0.23330932031249998 0.2626005734375 0.2267967953125 0.2584026421875 0.2172407 0.2535985046875 0.2166912875 0.25807311093749996 0.223842790625 0.25876535 0.228265075 0.262220415625 0.22591557812500002 0.26750646875 0.23463924375 0.27343192968749996
0 0.18218719218749999 0.4390625 0.1746361546875 0.42101049375 0.1760909171875 0.4158699515625 0.17302733125 0.41519441874999996 0.16918749375 0.3976424984375 0.16944823125 0.390632396875 0.1690334375 0.38668588125 0.1673742546875 0.3708998203125 0.168414221875 0.36181276093750003 0.1647284421875 0.35521745625 0.163276659375 0.3414046515625 0.1654069546875 0.33320052499999997 0.16675801875000001 0.32707335312499997 0.16857721718750002 0.31590933906249996 0.1765769265625 0.29711303125 0.17979755 0.2897918328125 0.17476070625 0.2893236984375 0.1705534546875 0.29674859531250003 0.166555609375 0.3074044234375 0.15702685 0.3850099421875 0.1571938890625 0.3879302671875 0.16175961875 0.4123885921875 0.17281695625 0.43217450625 0.175592253125 0.4390625 0.18218719218749999 0.4390625
0 0.35721953906250004 0.4390625 0.3601224234375 0.42635298906249997 0.35840061875 0.4212956296875 0.3595990046875 0.41738473281250005 0.3626230390625 0.4165497921875 0.3618919359375 0.41154435312500004 0.3590236671875 0.40940718125000003 0.3616239078125 0.37874728125 0.36474756875000003 0.35705563906250004 0.37511768125 0.3297832140625 0.3890871625 0.3096534 0.4055095515625 0.2995863859375 0.4085855078125 0.2977607390625 0.405821075 0.29364216249999997 0.4108784359375 0.2919203578125 0.41728994531249997 0.2833155453125 0.4347549578125 0.2723097484375 0.4612401484375 0.259789828125 0.47735101249999995 0.2556670390625 0.4873099734375 0.25519554218749996 0.49048976875 0.2513884890625 0.5055580078124999 0.24820448125 0.5059279375 0.24765528906249998 0.48250898124999997 0.244779803125 0.47787022031250004 0.24575999999999998 0.4515927125 0.2543171046875 0.4249517625 0.269809134375 0.40331625000000004 0.2845700640625 0.38220415625 0.3082992515625 0.372405171875 0.3246739328125 0.36578598125 0.337241559375 0.3601055734375 0.3508518109375 0.3530710171875 0.37134506875 0.350613625 0.387905825 0.349128696875 0.4162399546875 0.35089456406249997 0.431829928125 0.3526162109375 0.4390625 0.35721953906250004 0.4390625
1 0.792714028125 0.3780013078125 0.8153893953125 0.33927368125 0.8158259078124999 0.335718578125 0.8125494078125 0.3231350875 0.7553245046875 0.3027975375 0.7534569875 0.318007253125 0.7585309796875 0.32277111875000003 0.7922166171875 0.336626290625 0.776633915625 0.372523071875 0.7899802906250001 0.37766564687500004 0.792714028125 0.3780013078125
1 0.5390625 0.7272509421875 0.5112954015625 0.7173826046875 0.5107301578125 0.753079821875 0.5390625 0.7565585968749999 0.5390625 0.7272509421875
3 0.3249424515625 0.8908398375000001 0.345204315625 0.8933276828124999 0.3452503640625 0.8929526531249999 0.32724755625 0.8864001671875 0.3174874046875 0.885201771875 0.31706394531250004 0.887972296875 0.3249424515625 0.8908398375000001
0 0.3822873640625 0.83491154375 0.38267175781249996 0.8317809 0.372123409375 0.83047895 0.371038928125 0.833530409375 0.3822873640625 0.83491154375
3 0.34094499843750004 0.4536360453125 0.3411405796875 0.4520431703125 0.337086409375 0.45154537968749997 0.32804752187499997 0.4535840125 0.3355594734375 0.4545063640625 0.34094499843750004 0.4536360453125
1 1 0.8650099953125 0.99947310625 0.8656843890625 0.961778984375 0.8843058375 0.9558535203125 0.8930295031250001 0.98981586875 0.89285750625 1 0.9008142234375001 1 0.8650099953125