0 0.1210880078125 0.4890625 0.119821828125 0.4858282921875 0.11039658125 0.46159008593750006 0.10864790312499999 0.43639161875 0.10806953125 0.4068365390625 0.114035615625 0.3784899546875 0.1233025703125 0.3491067296875 0.1336061671875 0.3230243734375 0.1527566390625 0.2916251484375 0.169432840625 0.2765966125 0.188239609375 0.2648880390625 0.2333769625 0.2492620375 0.25744331875 0.24968211718750002 0.2662901953125 0.2443652484375 0.249881315625 0.2440788296875 0.2356602890625 0.24383059999999998 0.207103665625 0.2498976953125 0.182922740625 0.256041165625 0.1542515484375 0.2686718125 0.1254657890625 0.28786600625 0.1087513984375 0.30508239531250003 0.09186515625 0.3321441078125 0.07603465000000001 0.361412765625 0.066844075 0.386420290625 0.060784674999999996 0.4316376125 0.0656860609375 0.478271190625 0.07005161875 0.4890625 0.1210880078125 0.4890625
2 0.320919384375 0.235824378125 0.3194834375 0.1873891515625 0.3186772 0.179718325 0.298916759375 0.2102925796875 0.2644222546875 0.21659601875 0.2644775640625 0.21712225468750002 0.27312841875 0.2459765 0.27585388437499997 0.24569004218749999 0.293003675 0.2305787859375 0.320919384375 0.235824378125
1 0.3796875 0.24555288593750002 0.347085209375 0.2237876828125 0.324903390625 0.217700203125 0.3233748875 0.23936190468750002 0.324525596875 0.2503101859375 0.3612119640625 0.272401375 0.3796875 0.28298480000000004 0.3796875 0.24555288593750002
1 0.2575549015625 0.1886176625 0.2311317 0.1871750625 0.19549621718750002 0.19515075625 0.17723989843750002 0.20925578749999998 0.1775344546875 0.21205830468750003 0.1852229359375 0.2364493859375 0.23618630000000002 0.238861525 0.2629063671875 0.2360531328125 0.2575549015625 0.1886176625
1 0.8128378421875 0.10982995468750001 0.8076164453124999 0.0955134546875 0.8098233890625 0.0944577171875 0.7815340890625 0.085209859375 0.7676949515625 0.0630831234375 0.7545296593749999 0.0650418421875 0.7442260624999999 0.0911241953125 0.7085518125 0.11865643906250001 0.7090047015625001 0.1229653828125 0.71659893125 0.1269296546875 0.7222733515625 0.1263332484375 0.7602912390625 0.11110126875 0.8128378421875 0.10982995468750001
2 0.14716944375000002 0.7720844875 0.16460723593749998 0.7650979828125 0.19724530468749998 0.7738654593750001 0.210429028125 0.7724797953125 0.2138338734375 0.7659572359375 0.17466260625000002 0.7532366546875 0.1759283796875 0.7434104234375 0.167291546875 0.736694115625 0.15765625625 0.7244890859374999 0.156383821875 0.723171440625 0.15524569375 0.7232910625000001 0.1508062890625 0.7407833968749999 0.1472953765625 0.75385321875 0.1459939875 0.7609007578125 0.14716944375000002 0.7720844875
1 0.21201632343750001 0.7348670343749999 0.23836346718749998 0.7569749140625 0.24125703281250002 0.7566707875 0.27057225625000003 0.740801128125 0.27032740781250003 0.7380025109374999 0.26812046875 0.72336893125 0.263801765625 0.7116657843749999 0.2527117640625 0.7104394921875 0.2016081484375 0.67866753125 0.1753153796875 0.6646218125 0.17489725625000002 0.6646657593749999 0.1707592015625 0.6676682359375 0.17164307031249998 0.67607769375 0.182329853125 0.6968282312499999 0.21201632343750001 0.7348670343749999
1 0.1062209765625 0.73415951875 0.095446275 0.7360593890625 0.0636895 0.7638783671875 0.06315878124999999 0.7799728296875 0.063886159375 0.786893365625 0.0681216546875 0.7953149890625 0.0801638140625 0.794302603125 0.06637238125 0.8064740390624999 0.0850050828125 0.8045156625000001 0.1282699984375 0.7835982421875001 0.146144565625 0.7715587140625 0.147156990625 0.7272834328125001 0.1356443125 0.7284934640625 0.13334771875 0.7304873140625 0.11934060625000001 0.7329571453125 0.112240740625 0.7430968015625 0.1062209765625 0.73415951875
0 0.201243009375 0.56087489375 0.2052490265625 0.5780557390625 0.20862439843749997 0.5997033421875 0.2107450578125 0.5884792671875 0.2070265921875 0.56356736875 0.1972958171875 0.5337867968750001 0.1944334375 0.5274869343749999 0.19042413593750002 0.5312086859375 0.195805803125 0.540544115625 0.201243009375 0.56087489375
2 0.838305759375 0.5363490875 0.7836884609375 0.513388509375 0.7796151015625 0.5138166359375 0.7586335875 0.5705673421874999 0.7597982453125001 0.5816483078125 0.77271326875 0.59753973125 0.7743227781249999 0.5973705640625 0.8385289015625 0.5384721406249999 0.838305759375 0.5363490875
1 0.8296772421874999 0.563247090625 0.8173609500000001 0.5731107953125 0.7930782375 0.6142727406249999 0.7934027921875 0.61736066875 0.7971364234375 0.6169682484375001 0.8232053578125 0.6022527984374999 0.859036634375 0.610100678125 0.8624837937500001 0.586735396875 0.8296772421874999 0.563247090625
1 0.7653236124999999 0.527174365625 0.7224798734375 0.523619171875 0.6737250375 0.5250686124999999 0.67408326875 0.52847695625 0.7319220375000001 0.5330639640625 0.7609566843750001 0.5673532640625 0.7614426984375 0.56730218125 0.7653236124999999 0.527174365625
0 0.7258704078125 0.58247658125 0.6908788484375 0.5794320609375 0.6873335640625 0.5798046859375 0.688132815625 0.5874090484375001 0.719178084375 0.5874554390625 0.7310435421875 0.586208328125 0.7258704078125 0.58247658125
0 0.562486609375 0.7046161578125 0.5715377734375 0.6860629453125 0.584826965625 0.6659641828125 0.6021254609375 0.6421436671875 0.612091534375 0.63229524375 0.6191952296875 0.6161469562499999 0.6167903046875 0.6141994875 0.607454875 0.6195811546875 0.5890127421875 0.632520684375 0.5661038515625 0.644829571875 0.55900344375 0.6400752625 0.5470899 0.6523286109375 0.5328269734375001 0.6736298375 0.520452690625 0.7024333890625 0.5100814140625001 0.7398273640624999 0.50893120625 0.7707515734375 0.51722750625 0.8182848093749999 0.5333725078125 0.8462911 0.55123625 0.8697162687500001 0.5739686671875 0.887129128125 0.62647836875 0.9157138093749999 0.660036228125 0.9209876828125001 0.6932509984375 0.9229972625 0.7442217171875 0.9055387203125 0.796855640625 0.8725037109375 0.8170753390625001 0.8450758109375001 0.8411932625 0.7919354640625 0.847499696875 0.7472678937499999 0.8466436109375 0.7286558578125 0.8418370484375 0.7038583234375 0.8356548343749999 0.6869062046875001 0.835481646875 0.6957253546875 0.8370827390625 0.7109587328125 0.8347921796875 0.7100993609375 0.8307861625000001 0.692918515625 0.8329068203125001 0.6816944406250001 0.8274107890625 0.6712709109375 0.8211664656250001 0.6851286375 0.8174414296875 0.7020219328125 0.8184118796875002 0.721722065625 0.8193823281250001 0.7414222 0.80700804375 0.7702257515625 0.7923432 0.79816993125 0.7772209015625 0.82176171875 0.7625005187499999 0.8387105515625001 0.743313378125 0.8550287421875 0.71714019375 0.8676807203125 0.6806023046874999 0.87592148125 0.6495637328124999 0.873683175 0.6200151734375 0.86468755 0.5902967125 0.8436084796875001 0.5615552703125 0.8004243515624999 0.5554907078125 0.763657734375 0.554693446875 0.73513845 0.562486609375 0.7046161578125