1 0.181401390625 0.181200234375 0.1828992984375 0.1814913984375 0.19898538906250002 0.16724126875 0.23449208281249997 0.15356827343749999 0.23618351406250002 0.1448666078125 0.235272128125 0.1420923125 0.19468555468749998 0.15474458124999999 0.18068644218750002 0.1349293390625 0.175124484375 0.1304341234375 0.16830040625 0.133940384375 0.18761423906250002 0.16134735 0.1782399890625 0.173375490625 0.181401390625 0.181200234375
1 0.49677559843749997 0.0500068171875 0.503625609375 0.0539816234375 0.5100658625 0.0513795921875 0.516889940625 0.0478733328125 0.5226796171875 0.042159975 0.5244944046875 0.0328237046875 0.49796922499999996 0.0208775640625 0.48591380937499995 0.018534228125 0.483902025 0.0199978203125 0.49995683281250003 0.0374842 0.4797318375 0.044906471875 0.4776239015625 0.05195054375 0.4814195 0.052688334375 0.49677559843749997 0.0500068171875
1 0.49559810312499997 0 0.47824896875 0.004832559375 0.48057947500000003 0.0082876765625 0.48524048437499995 0.0151979109375 0.5116235609374999 0.0133213328125 0.5386773171874999 0.028587090625 0.5252588171875 0.0409893578125 0.5483742109375 0.040479015624999996 0.59631900625 0.0357886828125 0.5702295203125 0.0207103609375 0.56280894375 0.002255978125 0.5815096343749999 0 0.49559810312499997 0
0 0.49625164999999993 0.056365721875 0.48644860625 0.06046442656249999 0.4797258078125 0.064161165625 0.47032472968750005 0.07134011875 0.46823584843749994 0.0769383046875 0.477664021875 0.074768140625 0.48669023125000005 0.0695177296875 0.4847345953125 0.06413407343750001 0.48934141718749996 0.06102673125 0.498394721875 0.06078510625 0.49625164999999993 0.056365721875
0 0.41287938124999995 0.2072773640625 0.41432467343749996 0.189545628125 0.416600990625 0.182983171875 0.41735073125 0.179126090625 0.42034969375 0.163697765625 0.42396515 0.15539420312500002 0.4223843859375 0.1480820046875 0.425008478125 0.1345822203125 0.42940077031249996 0.1274303640625 0.4324539203125 0.1220196125 0.43740851875000003 0.11197494375000001 0.45042505468750005 0.0964924296875 0.4555941828125 0.090492278125 0.45096026718750004 0.08859083281249999 0.44482686875 0.0944035484375 0.4354528828125 0.10659128749999999 0.4234277125 0.1272700234375 0.4106798953125 0.1568146265625 0.4057794859375 0.1768768671875 0.40302214843749995 0.20135849687500001 0.40776444375 0.2232950890625 0.41023042031249995 0.251794140625 0.4287141234374999 0.2854081296875 0.437821615625 0.295184078125 0.4313924046875 0.28192591875 0.42648977031249996 0.26596238125 0.4243196046875 0.2565342078125 0.42681045156249997 0.25401626718750003 0.4167386890625 0.2440528828125 0.414755959375 0.23366044062500002 0.412719040625 0.21325042187499998 0.41558475625 0.20880394062500002 0.41287938124999995 0.2072773640625
0 0.71997126875 0.2439537890625 0.7226766453125 0.24548036406249998 0.722891175 0.24952488125 0.7200254578124999 0.2539713609375 0.71957153125 0.27689931875 0.7275792812499999 0.26144390156249997 0.733845925 0.24464934062500002 0.7379694984375 0.22343539375 0.7399770953125 0.20281084531250002 0.7381276125 0.181436559375 0.735930353125 0.1669995984375 0.7325813875 0.1533394734375 0.727089353125 0.13525996093749998 0.712489825 0.10740449999999999 0.6952391125 0.0880400375 0.67335448125 0.06677412656250001 0.6501578046875001 0.05225810937499999 0.636443490625 0.0455895 0.6258365171875 0.0435277140625 0.621015165625 0.0425905375 0.6229708 0.0479741953125 0.6366851140625001 0.054642804687500005 0.6388281859375 0.059062190625 0.648283453125 0.0619008125 0.6627746015625 0.069721128125 0.6852215390625 0.088094225 0.6993649125 0.10285186875 0.7034636171875001 0.11265491093749999 0.7079100984375 0.11552062656249999 0.7042675468749999 0.11881540312500001 0.7067854875 0.1213062484375 0.720152025 0.1349121859375 0.7287513999999999 0.1575985203125 0.73218165 0.1862850046875 0.7299866171875 0.20787382187499998 0.725140396875 0.23795363749999998 0.721872715625 0.23931987187499998 0.71997126875 0.2439537890625
1 0.6689683718749999 0.8264910593749999 0.668998778125 0.826334634375 0.6479987109375 0.809968028125 0.644739690625 0.8000474421874999 0.63950969375 0.7796858640625001 0.6495668640625001 0.7786191203125 0.647348653125 0.7712746359375 0.6282232671875001 0.7610220875 0.6181397687500001 0.7529411859375 0.602883475 0.7499756625 0.6095335625 0.7648274468749999 0.5911688828124999 0.7879794999999999 0.5972771781249999 0.801243834375 0.6265914234375 0.8182538140625001 0.6470527031250001 0.822231084375 0.6437766640625 0.8199145421875 0.6510769015625 0.8230133093750001 0.6689683718749999 0.8264910593749999
1 0.6756268249999999 0.77305933125 0.6607879 0.77217634375 0.649056315625 0.7759001781249999 0.6442620578125 0.7799717890625001 0.6462176953125001 0.7853554468749999 0.6507183640624999 0.7982387359375 0.65923645625 0.805898709375 0.680102628125 0.816959609375 0.682512190625 0.799415309375 0.6772617796875 0.7903891 0.679002884375 0.7917282421875 0.686100553125 0.7861029609375001 0.7075019359375 0.7892622625 0.7084391109375 0.7844409125 0.6804752703125 0.7790052921875 0.6756268249999999 0.77305933125
0 0.5443443 0.5390625 0.5389828953125 0.5493597484375 0.53081480625 0.570788225 0.5263163625 0.5939307109375 0.5248981640625 0.6166712343749999 0.5263456828124999 0.6349652765625 0.5365800125 0.6749813812500001 0.5618407015625 0.7149162046875001 0.5693945234375001 0.7223887421875 0.5701713578125001 0.723540446875 0.5738139109375 0.720245671875 0.5646793234375 0.7054609359375 0.5656164984375 0.7006395828125 0.5582501125 0.6922027749999999 0.5456062203125001 0.6697309703125 0.5375149609375001 0.6341342531249999 0.536281971875 0.6198847265625 0.5333891609375 0.619322421875 0.5360674421875 0.6158402109375001 0.53582581875 0.6067869078125 0.5375917921875001 0.5771090562500001 0.541555025 0.5618681671875 0.5474467984375 0.5470021484375 0.552652065625 0.5390625 0.5443443 0.5390625
0 0.78605953125 0.7454907765625001 0.7762564875 0.7495894828124999 0.7755067484375 0.7534465625 0.7657037046874999 0.7575452687500001 0.7547489546875 0.7624208078125 0.7410888296875 0.7657697750000001 0.7403390890625 0.7696268546875 0.741892759375 0.7719302671875 0.7611239750000001 0.7656613953125 0.7835957796875 0.7530175031249999 0.8079690312500001 0.7357396953124999 0.8265566578125 0.7173372765625 0.8437509578124999 0.6906583890625 0.8492407656250001 0.6727121234375 0.8545431390625 0.6557301265625 0.857006890625 0.6482034000000001 0.858799959375 0.6235343359375001 0.8593080765625001 0.6106239515625 0.8579147468749999 0.602347484375 0.8494530703125001 0.6407308609375 0.84886366875 0.6386148859375 0.8459708578124999 0.6380525796875001 0.8450336828125 0.64287393125 0.8487575171875001 0.654605515625 0.8457314609375001 0.6650250546875001 0.8383131125000001 0.6825964499999999 0.8342685953124999 0.6828109796875 0.83333141875 0.68763233125 0.8323942437500002 0.6924536828125 0.8195651421874999 0.7069719250000001 0.816484896875 0.707373890625 0.8166994265625 0.7114184078125 0.8048075015624999 0.7211152999999999 0.7998258093749999 0.72615118125 0.7954335171875 0.7333030390624999 0.7975765859374999 0.7377224250000001 0.7944963406250001 0.7381243890625 0.7908537890625 0.741419165625 0.78605953125 0.7454907765625001
0 0.7197416359375 0.7726280437499999 0.7133666140625 0.7693874578125 0.702197334375 0.77021848125 0.7012601593750001 0.7750398328125 0.692394290625 0.7743171875 0.68987635 0.771826340625 0.6866086703125001 0.7731925765625001 0.6868232 0.7772370921875 0.7037781 0.7775306796875 0.7195542015624999 0.7735923140625001 0.7197416359375 0.7726280437499999