2 0.35178448906250004 0.1289092765625 0.3300544140625 0.07842846875000001 0.32441233281250004 0.07753485 0.27720809218750003 0.10035570468749999 0.2765802703125 0.10431961406250001 0.3387530640625 0.155627796875 0.339951115625 0.15581755 0.349623375 0.14255401406249998 0.35178448906250004 0.1289092765625
1 0.365869021875 0.1552694734375 0.3367227484375 0.13115646875 0.3244974359375 0.139618540625 0.3022567703125 0.17193336406249998 0.301758384375 0.17508004375 0.30938482968750003 0.176287953125 0.3280755359375 0.1673953765625 0.3612401234375 0.177127334375 0.3658818171875 0.1560025125 0.365869021875 0.1552694734375
1 0.291105034375 0.0841453359375 0.25297736406250004 0.0704609390625 0.2077027984375 0.059760868749999994 0.207207334375 0.0628891 0.259267884375 0.081359946875 0.2770035703125 0.11895403281250001 0.2780139875 0.11911406718749999 0.291105034375 0.0841453359375
0 0.2234894484375 0.12471601875 0.2455955359375 0.12545490937499998 0.248461103125 0.11759730312500001 0.24785882187500002 0.1175019125 0.20890096875 0.119524940625 0.2058202703125 0.121587721875 0.2057693171875 0.12190942656249999 0.2234894484375 0.12471601875
0 0 0.285605759375 0.001494175 0.29973590156249996 0.0224583765625 0.35057095625 0.0405971890625 0.377064565625 0.089075896875 0.4099042875 0.133426915625 0.4268468671875 0.14023801875 0.427925640625 0.1678448328125 0.4272208953125 0.1996195015625 0.4233580609375 0.250007571875 0.3981668015625 0.27198717031249997 0.3825167640625 0.289579678125 0.361044865625 0.305704309375 0.33520243125000004 0.31507999999999997 0.29071348750000003 0.3150137875 0.2615545203125 0.3064769078125 0.22599978125 0.29577131562500003 0.1984687234375 0.28304048437499996 0.1779404546875 0.2722245203125 0.166009778125 0.26538176562500004 0.17025338750000002 0.244213371875 0.157908828125 0.227272040625 0.1451172859375 0.2187183234375 0.13978011562499998 0.2186270421875 0.1397656578125 0.2163291484375 0.14149724531250002 0.2224876234375 0.1569375921875 0.231548753125 0.166539525 0.24705531406249998 0.18954001874999998 0.258908725 0.2089039171875 0.2668220359375 0.226673009375 0.273157096875 0.255671946875 0.2714684734375 0.28250216875 0.26454845 0.31692563906250004 0.23606271093750003 0.356646725 0.20738383593749998 0.37551947812500003 0.17926231406249998 0.38301890781250003 0.14995986875 0.3841060140625 0.115823353125 0.3751442015625 0.09159227656249999 0.3623692125 0.07406048125 0.34637150625 0.060755740625 0.3299268171875 0.0472909703125 0.3072132796875 0.034400109375 0.2804161625 0.0236945171875 0.25288510625 0.025256214062499997 0.2343655203125 0.026817914062499996 0.2158459359375 0.0238655984375 0.19981512343750002 0.018441065625 0.18656004375 0.012922710937500002 0.1961950828125 0.014550621875 0.2068344640625 0.010213192187500001 0.22288182812500001 0.0080279265625 0.22361576875 0.010036609375 0.2093232390625 0.010163534375 0.2010126015625 0.006854484375 0.2091878953125 0 0.252465409375 0 0.285605759375
1 0.7624759125 0.49418296093749997 0.761275 0.46223013437500005 0.786647465625 0.4408204578125 0.7853913390624999 0.43393589375 0.7706968875 0.43160852031249997 0.7360896046875001 0.45675715156249996 0.687466371875 0.45602343906250004 0.6827785828125 0.4642453203125 0.6819809734375 0.46928122187500004 0.7334861312500001 0.4786415546875 0.7446146 0.5000204546875 0.7478354781250001 0.500530590625 0.7624759125 0.49418296093749997
2 0.6637205453125 0.1565749515625 0.7315818593750001 0.11531027812500001 0.7156669203125 0.0999414015625 0.7100188703125 0.0990468390625 0.6462101515625001 0.14577785468749999 0.6454035078125 0.1508708015625 0.6473443796875 0.15398122187500002 0.6637205453125 0.1565749515625
1 0.016154279687500002 0.7398957609375 0.043809798437500005 0.7259556390624999 0.041420103125 0.7201678234375001 0.032857134375 0.7188115828124999 0.0066465921875 0.7256942046875 0.0051909859375 0.7348845359375 0.009797539062500001 0.7388889531249999 0.016154279687500002 0.7398957609375
1 0.60997074375 0.6496516703124999 0.610154140625 0.6358923640625 0.5613866828125 0.6267884953125 0.559413403125 0.6392472953125 0.5614835296875 0.65607606875 0.595737278125 0.6615013296875001 0.6082323296875 0.660627590625 0.60997074375 0.6496516703124999
0 0.7042741859375 0.8033587843750001 0.689751403125 0.793901440625 0.6843441234375 0.79934554375 0.6842779578125 0.7997632937500001 0.6936598984375 0.8067328437500001 0.698748140625 0.8075387421875 0.7042342578125 0.8036108796875 0.7042741859375 0.8033587843750001
3 0.696596546875 0.876804940625 0.7079755828125001 0.8786072031250001 0.730613165625 0.8767780109375 0.7307829734375 0.87570588125 0.7314179703125 0.8696642984375 0.7310557203125001 0.8696069234374999 0.695151978125 0.8709423468749999 0.6951407109375001 0.8710134843749999 0.695126884375 0.8711450265625 0.696596546875 0.876804940625