1 0.0863233390625 0.4568791 0.071614971875 0.46391514218749996 0.07839649843749999 0.4932046234375 0.0586359234375 0.508455203125 0.1022013546875 0.5076947656249999 0.10501294531250001 0.49402158125 0.10495291874999998 0.49058270000000004 0.0863233390625 0.4568791
0 0.5835816781250001 0.14569861875 0.594674675 0.16672875625 0.6015652796875 0.1897691875 0.6053313625 0.2127550828125 0.6059910984375 0.23464493125 0.6048405140625001 0.24087580000000003 0.60358085 0.25335571562500003 0.6021757484375 0.27416769687500003 0.595635828125 0.290722746875 0.5879998609375 0.3103841421875 0.5666788515625 0.33814126875 0.54972385 0.3545145203125 0.53824908125 0.3553560546875 0.5423423953125 0.35959480625 0.53910879375 0.365789315625 0.533883075 0.3667399234375 0.5294724859375 0.37459925625 0.52953615 0.378246625 0.5314608984375 0.378213028125 0.53160008125 0.378160153125 0.5632452734375 0.355792365625 0.5930983234375 0.3167240890625 0.6050093999999999 0.2908863640625 0.611981721875 0.26697336875 0.6107347484375 0.1955342890625 0.604980678125 0.1731595984375 0.596043415625 0.147999790625 0.58489588125 0.1300941765625 0.580820746875 0.1248139203125 0.5756313859375 0.12368151406250001 0.5786104734374999 0.1320681171875 0.58263106875 0.1404728984375 0.5835816781250001 0.14569861875
0 0.6916741656250001 0.0576597671875 0.6968817062499999 0.05756886875 0.7000607703125 0.060638853125 0.715683390625 0.06036615937499999 0.7165976390625 0.053057423437499994 0.6864120875 0.054626140625 0.683323921875 0.056763695312499994 0.6822642343750001 0.055740365624999996 0.683396640625 0.060929726562499995 0.6916741656250001 0.0576597671875
0 0.7741350953125 0.0666386578125 0.7448274343750001 0.0588156234375 0.7417210890625 0.0599116703125 0.7376277765625 0.0641504203125 0.7543100828125 0.0649010546875 0.77422599375 0.0718461984375 0.7921316046875 0.08299373437499999 0.8037336312499999 0.091125821875 0.8091411453124999 0.10249151249999999 0.8291661328125001 0.11568570468749999 0.8493910953124999 0.140336484375 0.8611385578125 0.1568006375 0.8666006109375001 0.17129085156249999 0.862707271875 0.186986190625 0.8658499765624998 0.187973159375 0.8678784546875 0.18481227656250002 0.880025865625 0.2241896046875 0.8816180328125001 0.1960325296875 0.8608658640625 0.1411780171875 0.8384669875 0.11135605625 0.8193744296875 0.0918946359375 0.8014688171875001 0.0807471015625 0.7741350953125 0.0666386578125
1 0.6578187015625 0.028037779687499997 0.638466359375 0.053379384375000005 0.6636079875 0.0612751390625 0.6781163828125 0.0568545921875 0.68215515625 0.0494913171875 0.7060734828124999 0.046990171875 0.7038632093749999 0.0397359734375 0.6737321953125 0.0444292140625 0.682651278125 0.018227896875 0.664963821875 0.019578459375000003 0.6578187015625 0.028037779687499997
1 0.6369158234375 0.024235340624999997 0.671121971875 0.014261842187500002 0.6709947140625 0.0069712859375 0.6429648968749999 0.0126696734375 0.6366794890625 0.0106957359375 0.598434565625 0.028032509374999997 0.576835590625 0.0440369015625 0.566638665625 0.05671679375000001 0.57396558125 0.058672551562499994 0.5946321250000001 0.0489353875 0.599052671875 0.06344378125 0.58611299375 0.0980498796875 0.59855655 0.0947072015625 0.6170310015625 0.0787573484375 0.6439102343750001 0.066828090625 0.6438011578125 0.06057904374999999 0.632308209375 0.05869600312499999 0.6403494000000001 0.0418864375 0.6464348328125 0.032403787499999996 0.646343934375 0.027196248437499997 0.6369158234375 0.024235340624999997
1 0.1532621015625 0.7258400765624999 0.153339175 0.7214245171875 0.13887984375 0.6843501140624999 0.13895256250000002 0.6801840828125 0.12429873124999999 0.6840956 0.135245109375 0.7292704890625 0.1443968078125 0.729110746875 0.1532621015625 0.7258400765624999
0 0.694425734375 0.59489985625 0.6598923531249999 0.6036735015625 0.6336546765625 0.6146756 0.6009497984375 0.63806671875 0.582862390625 0.659629334375 0.5678995078125 0.6812464874999999 0.5571208343749999 0.7018948515625001 0.5515860625 0.720551096875 0.544791628125 0.7516872609374999 0.5452877484374999 0.78295068125 0.54901746875 0.8080195906250001 0.556913225 0.8331612203125001 0.56701925 0.8510486515625001 0.5791537546875001 0.87209696875 0.5944491421875 0.89111680625 0.6191181015625 0.9103002609375 0.62629958125 0.9166765671875 0.6253853296875 0.9093678296875 0.6150611484375 0.9039784937500001 0.5824055359375 0.86486095 0.5716215921875001 0.826125178125 0.5722942375 0.7875893828125 0.58325470625 0.7565259390625 0.5953475796875 0.72027313125 0.6135804234375 0.690378453125 0.6327275171875 0.667792509375 0.6517291765625 0.6535386296875 0.6748059703125 0.644565009375 0.6936621921875 0.6386431921875 0.727063165625 0.63505890625 0.7509451328125 0.6396430703125 0.7799255609375 0.6505671796875 0.7984727296875 0.6623509999999999 0.8229962515625001 0.6898665171875 0.8330841 0.708795459375 0.8440498390625001 0.73711615 0.850849546875 0.7653641234374999 0.8536831984375001 0.782082790625 0.8543429359375001 0.8039726390624999 0.8519508640625 0.821641915625 0.841995546875 0.85480655625 0.8333544296875001 0.8723667546874999 0.8258820765625 0.8826545796874999 0.8193421546874999 0.8992096281249999 0.803519559375 0.9103935249999999 0.772001625 0.92547075625 0.7354215875 0.9321250265625001 0.715505678125 0.939070171875 0.6944573625 0.9512046749999999 0.6960105343749999 0.9517526984375 0.7100709109375 0.9519981234374999 0.7475924515625 0.9510903265625 0.771638034375 0.9463009171875001 0.7895072875 0.9372363984375 0.8104647046875 0.9303094328124999 0.839972340625 0.911029809375 0.880349546875 0.8658942812499999 0.8878582578125 0.8535234421875 0.9029665781249999 0.823574225 0.9098337328125 0.7882720296875 0.9099376031249999 0.7823213359375 0.9092337890625 0.7419998546875 0.9027924203125 0.7141795234374999 0.886855475 0.6722283296875 0.8570880531249999 0.646704928125 0.8251285359375 0.6273942171875 0.7921456921875001 0.60702381875 0.7548150203125 0.59699578125 0.7267488421875 0.5933804078125 0.694425734375 0.59489985625
2 0.8156159421875 0.9294474875000001 0.791001521875 0.951755465625 0.7617847578125 0.9491399703125 0.7780436640625 0.98532005625 0.79951538125 0.9620251078125002 0.8383602312499999 0.9790581015625002 0.8456507875 0.9789308437500001 0.8156159421875 0.9294474875000001
1 0.7259682640625 0.9862290359374999 0.75308383125 0.9878393828124998 0.7749009593749999 0.9843330874999999 0.761839296875 0.9522644953124999 0.715025975 0.9562071 0.6920582609375 0.9534825265624999 0.6606130453125 0.942571325 0.641702284375 0.9335249859375001 0.6016704890625 0.9081781109375001 0.5986914015625 0.9165647140625 0.6377907656249999 0.9481788171875 0.6222045046875 0.9505345265624999 0.6318507703125 0.96599353125 0.6936633343749999 0.9857510953125 0.7259682640625 0.9862290359374999
1 0.844482021875 0.9716584671875002 0.8969444656250001 0.9332370187500001 0.9069959546875002 0.9122250640624999 0.8806128421875 0.8928909 0.8341631109375001 0.917663665625 0.8187404671875 0.9293929484374999 0.844482021875 0.9716584671875002