1 0.157765653125 0 0.12489628593749999 0.024379853125 0.12480870156249999 0.026051065624999998 0.136064809375 0.045117470312500005 0.1430405734375 0.0454830546875 0.176511721875 0.030104748437500002 0.176881453125 0.0230498640625 0.16943336874999998 0 0.157765653125 0
3 0.3184176875 0.21294642187499999 0.31818595625 0.2173681125 0.3191523125 0.2174356859375 0.3463174625 0.2188593515625 0.345804621875 0.214861503125 0.3184176875 0.21294642187499999
0 0.2888520875 0.15013265781250001 0.3009014046875 0.1507641359375 0.3014088703125 0.15078153593750002 0.3005547296875 0.14620203437499998 0.28907870468749997 0.14580854999999998 0.2888520875 0.15013265781250001
1 0.9845737421875 0.1719794765625 0.9737751796874999 0.1527288328125 0.9922428296875001 0.1314909765625 0.9888035390625 0.1299819421875 0.9862293890625 0.1258304921875 0.9779409140624999 0.1253961109375 0.9559146500000001 0.1474162390625 0.9252476796875001 0.13566654375 0.9245904671874999 0.14820691875 0.95603356875 0.160088103125 0.9805465890625001 0.17896741562500001 0.9820374734375001 0.1790455484375 0.9845737421875 0.1719794765625
1 0.3350148890625 0.8448304390625001 0.333705525 0.837404665625 0.31729456875 0.8223168484375 0.305312184375 0.8439416578125 0.305079009375 0.8483908937500001 0.31834505156250004 0.8619470296875 0.3226551875 0.8621729140625 0.3346418859375 0.8519477640625001 0.3350148890625 0.8448304390625001
1 0.5870372015624999 0.6789938078125 0.60182399375 0.6797687515625 0.623616565625 0.6537695015625 0.616323925 0.6288953984375001 0.6043444453125 0.62826758125 0.5805956953125 0.6317386328125 0.57957833125 0.6415077531250001 0.578418953125 0.6636300203125 0.5870372015624999 0.6789938078125
1 0.811326203125 0.8096612624999999 0.8115947625000001 0.8096753374999999 0.8296789109375 0.8036665062499999 0.8457018265624999 0.798521675 0.8448806859375001 0.795331625 0.8108074109375 0.7898163593749999 0.7795389375 0.7829610546875 0.77714006875 0.782835334375 0.7770263921874999 0.7850044078125 0.7812031515625 0.7950557 0.781733640625 0.8024022671874999 0.811326203125 0.8096612624999999
0 0.6827835484375 0.6934083921875001 0.6956390046875 0.7166002499999999 0.7054977453125 0.7313472953125 0.72265280625 0.7471028828125 0.7390936781249999 0.761570034375 0.74924676875 0.767732321875 0.768551634375 0.779769775 0.7939267484375 0.789973665625 0.8642985609375 0.7936616953125 0.8768552046875 0.791319709375 0.8895923953124999 0.78847016875 0.9026167078124999 0.7846193140625 0.9230845171875 0.77748461875 0.9391200000000002 0.7669116890625001 0.9515772953125001 0.757480015625 0.9630332750000001 0.7477612234375 0.9693355125 0.7408991984375 0.95902801875 0.746612734375 0.9414169781249999 0.758901175 0.93024811875 0.767618653125 0.914499759375 0.777190271875 0.901475446875 0.7810411265625 0.880580565625 0.78588606875 0.8708473187500001 0.7895969765624999 0.8452329921875 0.7920049921875 0.8313545390625 0.7912763453125 0.8134708312499999 0.7893992109375 0.79215610625 0.784370959375 0.7767093234375 0.7777743734375 0.7582585984375 0.7703164218749999 0.7453886875 0.7622914546875 0.7313775140625 0.7506882984375001 0.719796040625 0.7419491359375 0.7132211359375 0.7346455890625 0.70479078125 0.7224754156250001 0.6987901203125 0.7131692359375 0.6920752718750001 0.7025746234375 0.6855075953125 0.6876876296875001 0.678652796875 0.67380195 0.6762303265625 0.6633545109375 0.6730936625 0.651618634375 0.6709583140625 0.6401698796874999 0.6705384703125 0.630296684375 0.6698387359375 0.6138413593750001 0.6701378796874999 0.605116715625 0.6691084125 0.6050627640625 0.6673216609375 0.639156034375 0.6686613359375 0.64818039375 0.6739333484375 0.6713650250000001 0.6827835484375 0.6934083921875001
0 0.9736064625 0.539701175 0.9777872953125 0.53688116875 0.9781702453125 0.5295740578125 0.9699138671875 0.53686108125 0.95755969375 0.5567441015625001 0.95099456875 0.5704337718750001 0.950702309375 0.576010434375 0.950766396875 0.57601379375 0.9565946296875001 0.56716814375 0.965711190625 0.553022775 0.9736064625 0.539701175
0 0.912959003125 0.480153734375 0.922048571875 0.485845578125 0.9309745906250001 0.4946581421875 0.9317967609375 0.49887361406249997 0.9368344078125 0.5022669140625 0.9446111546874999 0.5131054390625 0.9483904953125 0.5206051796875 0.9535916906249999 0.5208777625 0.9516202453125 0.5186882500000001 0.93902391875 0.5002954703125 0.9233068750000001 0.48173914062499995 0.90622249375 0.4693697265625 0.891986246875 0.462365059375 0.8989408203125 0.46898810937499996 0.90808490625 0.4736397171875 0.912959003125 0.480153734375
0 0.852234671875 0.44463532499999997 0.8523437046875 0.44255484687499996 0.8347686718749999 0.4395475859375 0.852234671875 0.44463532499999997
0 0.8171936421874999 0.436540325 0.8047107718750001 0.435886125 0.7837969578124999 0.436876271875 0.7648000703125 0.44109616718750005 0.7553288859375 0.44268599531249997 0.7616248375 0.44197285781249995 0.7910241140625001 0.4382981265625 0.817139125 0.4375805640625 0.8294584437499999 0.44135548125 0.8347686718749999 0.4395475859375 0.8171936421874999 0.436540325
1 0.9628359625 0.483810771875 0.979370753125 0.486763515625 0.9840223609375001 0.47761942968749993 0.9573577609375 0.4689203234375 0.9362848187499999 0.4928502453125 0.9513977546875001 0.503030146875 0.9628359625 0.483810771875