1 0.1248821984375 0.2470788640625 0.1254179421875 0.2447583046875 0.10760382187499999 0.24623391875 0.0905687390625 0.2619589203125 0.073984065625 0.2591642375 0.0731654140625 0.26271020312500004 0.0897054484375 0.285364296875 0.1006197546875 0.2878840625 0.11157625 0.28304189687500003 0.1248821984375 0.2470788640625
1 0.8034949765625001 0.42597128125 0.8076862296874999 0.407816965625 0.7633225734375 0.39904995312499997 0.753457859375 0.4134893125 0.7500478921875 0.42825950625000003 0.7676627921875 0.45180679062499995 0.7764389281249999 0.453832921875 0.7949799 0.44438257031250006 0.8034949765625001 0.42597128125
0 0.7513988796875 0.28719718906249997 0.7550063125 0.29589012812500004 0.755743290625 0.3072889828125 0.7602522390625001 0.3218044078125 0.757955603125 0.32688854218749996 0.760906265625 0.34328995 0.7591004921875 0.36083899062499997 0.7621341078125 0.3671537125 0.7632015296875 0.352802821875 0.76344901875 0.33713976562500003 0.7626304578124999 0.3212305921875 0.759433678125 0.30589523281250003 0.7562368968750001 0.29055987656250004 0.75172795 0.2760444515625 0.743693153125 0.2573464078125 0.7370521046875 0.2423387484375 0.7261468546875001 0.22634662031250002 0.7174552875 0.2153570453125 0.7047456375 0.20231695312500003 0.685393565625 0.18886620781250002 0.6516090234374999 0.1698377203125 0.6297141984375 0.16253716093749998 0.5998647874999999 0.15564588125 0.5764932609375 0.154741621875 0.5468070140625001 0.15687098125 0.514331896875 0.16621657343750001 0.4906312984375 0.176465053125 0.472260953125 0.18794412031250002 0.45946697656249996 0.1995877203125 0.440932096875 0.21664315625000002 0.4331406734375 0.2260730734375 0.43502665625 0.2276313578125 0.4371587578125 0.22812359375 0.44470406406249996 0.219759725 0.4527416046875 0.20926375625000002 0.4684060328125 0.1949142375 0.4920250484375 0.1801554390625 0.514413478125 0.17072689218749998 0.55164503125 0.16023366562500002 0.5643560546874999 0.15867675312500001 0.57657484375 0.159251940625 0.6089670078125 0.159993034375 0.6281559140625 0.1644231421875 0.65702085625 0.17557862500000002 0.6757991125 0.186651153125 0.697283284375 0.2005941328125 0.712698853125 0.21650467812500002 0.7270483703124999 0.23216910624999998 0.7363953359375001 0.25004721875 0.7416426328125 0.261364490625 0.7493497328125 0.27661826718750004 0.74861138125 0.27981641874999996 0.7513988796875 0.28719718906249997
1 0.684084140625 0.1604921265625 0.65841735 0.150074996875 0.6662889828124999 0.15975240468750002 0.648001590625 0.1611447828125 0.6863780343749999 0.18460200468750002 0.7111419390625 0.20379365468750002 0.7192610609375001 0.19780800468749998 0.684084140625 0.1604921265625
0 0.395000746875 0.303728846875 0.39335813750000004 0.330298525 0.39795140937499995 0.3201302546875 0.39934653125 0.3092236328125 0.40205381874999996 0.29749707812500004 0.4083699125 0.27986645625 0.40927279843750003 0.27109193593750003 0.4161627046875 0.2558395328125 0.4137844890625 0.256413346875 0.40509017812500003 0.27461778593749997 0.395000746875 0.303728846875
0 0.39876585625 0.3798304484375 0.39860269375 0.3708098109375 0.3953229609375 0.365561140625 0.397373478125 0.36154305625 0.3972918984375 0.3570327390625 0.3970471515625 0.34350178124999997 0.397376221875 0.33234904374999996 0.39467030468750003 0.329478590625 0.39335813750000004 0.330298525 0.39319223125 0.3504719 0.3954045421875 0.37007145937499997 0.3995028375 0.391229303125 0.40876684843749994 0.419194103125 0.4172123 0.43124972812499995 0.404914671875 0.39697020781250003 0.4022917078125 0.3840130671875 0.39876585625 0.3798304484375
0 0.461271159375 0.4796875 0.4610807859375 0.47955517968750005 0.45616118750000006 0.47168217500000004 0.44517298437499997 0.46577673593749996 0.4354153671875 0.45454104375000004 0.43385708125000005 0.45642702812499997 0.43656299843749996 0.45929747968749995 0.44681285 0.4684010703125 0.45632704375 0.4796875 0.461271159375 0.4796875
1 0.354076065625 0.344809834375 0.3475968109375 0.35341981875 0.3562883765625 0.3644093953125 0.3657182953125 0.37220081718750003 0.388598959375 0.3606401703125 0.3913062484375 0.348913615625 0.3840900109375 0.3461247453125 0.364899734375 0.3562916421875 0.354076065625 0.344809834375
1 0 0.790545784375 0.0031243531250000002 0.7906826625 0.059792303125 0.7689564875 0.011985940625 0.7377078421875 0 0.736816325 0 0.790545784375
0 0.06537776875 0.4796875 0.068429715625 0.48349561249999995 0.0813841140625 0.5100666609375 0.09056654374999999 0.5335211421875 0.0941712328125 0.57140809375 0.09293790468749999 0.605932359375 0.0844883390625 0.6376677546875 0.06283551875 0.6730921624999999 0.0577500125 0.6853925328124999 0.057420942187500004 0.6965452703125 0.0529922046875 0.701137171875 0.051515503124999994 0.7075334734375 0.0803831875 0.6894949421875 0.10515120781250001 0.6648955734374999 0.1240981109375 0.6266007124999999 0.135499709375 0.5966697187500001 0.13812678750000001 0.5658358390625 0.13534203125 0.5292610546875001 0.124931759375 0.4819428125 0.12378111875 0.4796875 0.06537776875 0.4796875
2 0.594586034375 0.7778896828125 0.5339082296875001 0.7099832968750001 0.5102892140625 0.724742096875 0.581299825 0.791665384375 0.594586034375 0.7778896828125