0 0.3170657890625 0.45505989218750004 0.3263137453125 0.473479584375 0.3443184171875 0.4959445765625 0.35216009531250003 0.49663063437500005 0.350320796875 0.4895517625 0.3413213265625 0.4854450015625 0.3357593765625 0.475487315625 0.333188778125 0.461777734375 0.329370990625 0.464257034375 0.3262224453125 0.463587790625 0.3252388234375 0.4578940578125 0.3280729875 0.449721021875 0.32521341718749996 0.4425316078125 0.32222206249999996 0.4462835046875 0.321278925 0.419756665625 0.3178160015625 0.4102451453125 0.3196006515625 0.4018490296875 0.31785648593750004 0.3894120421875 0.316825521875 0.3884518703125 0.3032781953125 0.38726663281249996 0.3030360515625 0.3900343484375 0.3032545796875 0.396180696875 0.3083957765625 0.4235998625 0.3170657890625 0.45505989218750004
0 0.058937284374999996 0.2937400234375 0.05942961718749999 0.28811264375 0.05248874218750001 0.2707105015625 0.0381476484375 0.25020169999999997 0.0348177015625 0.2467299375 0.034271540625 0.2529725921875 0.0387464171875 0.2587644796875 0.0384245296875 0.269542803125 0.058049893750000005 0.2936623859375 0.058937284374999996 0.2937400234375
0 0.0230926921875 0.3269643734375 0.0213713953125 0.33296724843750003 0.0199536984375 0.34446803125000003 0.0132386125 0.36788632187500003 0.012261121875 0.3790590921875 0.0123633078125 0.3790680328125 0.0178685734375 0.36731035625 0.020306803125 0.3588072390625 0.0230926921875 0.3269643734375
1 0 0.5 0.050316582812499996 0.5 0.05860591875 0.48799895937500004 0.0698380125 0.46565677968749997 0.05132753125 0.46403732187499996 0.027871606249999997 0.48420552499999997 0 0.4951178484375 0 0.5
1 0.5856893624999999 0.442365515625 0.583353390625 0.4491018859375 0.60822493125 0.45438849374999996 0.6130914359374999 0.45481425781249996 0.67239339375 0.442147184375 0.7034124937499999 0.4245999484375 0.7036656265625 0.42170662812500004 0.700076125 0.4151233703125 0.6719877171874999 0.4234131125 0.6416835765625001 0.4060024484375 0.647509096875 0.3940775171875 0.6408317375 0.38936740468750003 0.60307461875 0.3966989296875 0.5845499265624999 0.4000922078125 0.58431806875 0.4027423546875 0.585481359375 0.40721947968750005 0.6148018765625001 0.4189364109375 0.6134887953125 0.44059594375 0.5856893624999999 0.442365515625
1 0.5940691109375 0.39885349375 0.5993205140625 0.40341846718749996 0.61230968125 0.404554871875 0.6120266359375 0.40441087812500004 0.6450585203125 0.392578134375 0.6450998125 0.39210615937500004 0.629945665625 0.38379739218750003 0.6298205343750001 0.3668751609375 0.6285577015625 0.3667646765625 0.6127677609375001 0.3688648671875 0.6006720484375 0.380466496875 0.5943458484375 0.3956903828125 0.5940691109375 0.39885349375
0 0.7705486484375 0.282016915625 0.770476828125 0.289137959375 0.77075024375 0.3115403796875 0.7782359921875 0.3438243140625 0.7879435734375 0.3644671359375 0.8078135249999999 0.392488775 0.8263637765624999 0.41343479062500005 0.855367025 0.4352304453125 0.8778947578124999 0.437201365625 0.8776304171875001 0.437064871875 0.8788134109375001 0.4329392859375 0.8692350921875001 0.4313089484375 0.8353580421875 0.4093166484375 0.8128338015625001 0.38276630625 0.8053257203124999 0.37391619062500003 0.8037028265625 0.3756832375 0.8037102718749999 0.3678719625 0.8017990749999999 0.36285913125 0.7922282 0.3534175203125 0.7809126140625 0.318919196875 0.77725670625 0.2888496546875 0.7808354609375 0.24522780156250001 0.7834971953125001 0.23594523125000003 0.791460065625 0.231531340625 0.7855674328125 0.2287254546875 0.786014778125 0.2232727234375 0.7886690671875 0.2218014265625 0.7889435140625001 0.216107425 0.7808382234375 0.21539830468750001 0.7774218187499999 0.2238503796875 0.7749597140625 0.232436759375 0.774808759375 0.23332362031249998 0.7705486484375 0.282016915625
0 0.6197170921875 0.35668320468750003 0.6198853109375 0.3547604625 0.6141800328125 0.353185221875 0.608485653125 0.3470370484375 0.6115316609375 0.3436541140625 0.604597325 0.334347621875 0.59669180625 0.3330206046875 0.5965567546875 0.33456425156249997 0.6075826234375 0.35030767812499997 0.61834349375 0.3580287078125 0.618890121875 0.35807653125 0.6197170921875 0.35668320468750003
0 0.6011867375 0.140142884375 0.61590884375 0.1631986765625 0.6156284453125 0.16971921875 0.6218685921875 0.1765201609375 0.6284443968750001 0.2124674046875 0.6304058125 0.228441859375 0.63419834375 0.238643753125 0.634745425 0.238691615625 0.6377050171875001 0.2048633203125 0.6342181234375 0.189057078125 0.6288002953125 0.171344978125 0.60651155625 0.139489078125 0.5828774578125 0.11428448437500001 0.5814170796875 0.113202628125 0.58073205625 0.1210324875 0.5890987296875 0.12973589375 0.5837739109375 0.1303897 0.5842969546875001 0.13464955625 0.6011867375 0.140142884375
0 0.625367996875 0.3100207484375 0.626192909375 0.31009291875 0.628863309375 0.30976503593750004 0.629669321875 0.3005522734375 0.6254646562499999 0.3089159375 0.625367996875 0.3100207484375
1 0.223152821875 0.8526209187500001 0.2277654875 0.8527368984375 0.23909890156250002 0.851944390625 0.23883745312500002 0.8336811484375 0.2697728515625 0.799250490625 0.2683175921875 0.7876982296875 0.253163934375 0.78637245625 0.2214575125 0.800477865625 0.1572889234375 0.8006860953124999 0.1563537453125 0.8113752328124999 0.15599410625000001 0.817962490625 0.2062030984375 0.82843409375 0.2163024875 0.8520215921875 0.223152821875 0.8526209187500001
1 0.6973136984374999 0.965505678125 0.6976944984375001 0.9655389937500001 0.7151858703125 0.9488707390624999 0.7023118937499999 0.9235943140625 0.7014665875 0.9235203593750001 0.6891295140625 0.934092509375 0.687158090625 0.9566259984375 0.69672310625 0.96538014375 0.6973136984374999 0.965505678125