0 0.4491813265625 0 0.44705795937500004 0.0030223359375 0.43721406093750004 0.0370510890625 0.43086338125 0.081224890625 0.4353414796875 0.1182015015625 0.43669256562500003 0.12781498593750001 0.44269216250000004 0.1452390828125 0.448396409375 0.13873580937500002 0.45902462499999996 0.149828440625 0.47485920937500004 0.17274580781249999 0.4759740984375 0.182574996875 0.483491878125 0.1879299203125 0.48720057343749995 0.185518128125 0.486334625 0.166524934375 0.4838224484375 0.15263772656250002 0.47620428593749997 0.1371042921875 0.4712468546875 0.11611555 0.4703139796875 0.0903366828125 0.47337220625 0.056374853125 0.48296716718749994 0.031510106249999996 0.49297836875000006 0.014445539062500002 0.5064975578124999 0 0.4491813265625 0
0 0.6728966468750001 0 0.6747273437500001 0.0017949390625 0.69674934375 0.032794885937500004 0.7050661515625001 0.050357329687499994 0.7121195140625 0.0774331 0.7179428953125 0.1174150359375 0.7155163921875 0.1466202015625 0.7069024765625 0.167742790625 0.69654195 0.183792853125 0.696326475 0.1963496953125 0.6978241468749999 0.210586225 0.6904402125 0.2188026484375 0.690865159375 0.22003678437500002 0.6930155578124999 0.219734565625 0.7005852625 0.21530942656250002 0.7129747984374999 0.1985607203125 0.7247326125 0.186568678125 0.7387349125 0.1613211484375 0.75035888125 0.1357577578125 0.7534505671875 0.1051887640625 0.75594399375 0.082769271875 0.7563578359375 0.067534753125 0.7532174859375 0.045189995312499995 0.745861825 0.02382760625 0.733256053125 0 0.6728966468750001 0
0 0.722234003125 0.19689030000000002 0.7152615765625 0.1935361859375 0.7073415031250001 0.2065678453125 0.6910533734375 0.2294436078125 0.71507779375 0.20764759375000003 0.72648408125 0.196292990625 0.722234003125 0.19689030000000002
2 0.66320963125 0.26261144999999997 0.6626065999999999 0.3277065609375 0.7145724046874999 0.2965661109375 0.675196 0.2630938890625 0.66320963125 0.26261144999999997
1 0.6191638984375001 0.280720240625 0.6104799609375 0.29602626718749997 0.56887515 0.308374478125 0.5772087499999999 0.3137043015625 0.6379044546875 0.31384212499999997 0.6600852625 0.30205676718749996 0.6619805578125 0.26928522187500004 0.6398514328125 0.25830968906249996 0.6191638984375001 0.280720240625
1 0.76097864375 0.24128637031250003 0.7600826796875 0.2349112546875 0.7275581046875 0.2579018859375 0.6767237296874999 0.25854515624999996 0.7104888828125 0.29063897656250004 0.76097864375 0.24128637031250003
1 0.6331986374999999 0.5491471984375 0.6333098796875 0.5499387328124999 0.65711776875 0.5535588812500001 0.659529559375 0.5572675796875 0.6656289843750001 0.5569420921875 0.6753108078125 0.5555814 0.676426821875 0.5503145984375 0.680301378125 0.5463628546875 0.6778075609374999 0.5286184234375 0.6772836546875001 0.5270968859374999 0.6598266703125001 0.5185825453125 0.6316413296875 0.5143830781250001 0.629965553125 0.5146185921875001 0.630688425 0.5229417171875 0.6439439124999999 0.525186203125 0.657299784375 0.5376092 0.6331986374999999 0.5491471984375
1 0.5731788921875001 0.5971852796875 0.572547128125 0.608109128125 0.5847172796875 0.594480159375 0.6009709531249999 0.586778325 0.6224051234375001 0.5696803703125 0.6356205656249999 0.5634890374999999 0.626672428125 0.5614960984375 0.616661771875 0.5596524859375 0.6231058 0.52840866875 0.6457518171875 0.5122239078125 0.6447065249999999 0.504786271875 0.6124978328124999 0.5223149796875 0.6264943687500001 0.5062623187499999 0.5979384453125001 0.5189436390625 0.5742299078124999 0.535277728125 0.5652473140625001 0.548458715625 0.5708413390625 0.55742408125 0.5612786640625 0.5587680265625 0.5738278859375 0.57867446875 0.5817307328125001 0.573229771875 0.5731788921875001 0.5971852796875
0 0.6673468203125 0.5579466984375 0.6705343781249999 0.557498715625 0.6731246265624999 0.5528006546875 0.682836628125 0.5525192296875 0.683583265625 0.557831825 0.70013559375 0.5522550296875 0.7004514765625001 0.54679310625 0.6655376640625 0.5527834281249999 0.6673468203125 0.5579466984375
0 0.8373614265625001 0.5958125421875 0.8188850703125 0.579989625 0.7875091546874999 0.5648961140625 0.7576437406250001 0.5528408359375 0.7339868875000001 0.5464140343749999 0.72548673125 0.547608653125 0.7235110203125 0.548969828125 0.7241083296874999 0.5532199046875 0.73169529375 0.553237134375 0.7491435843750001 0.5540354546875 0.77856101875 0.562903175 0.785832096875 0.568382328125 0.7929538515625 0.572798959375 0.7977840109375001 0.584038690625 0.83081975625 0.6032329515624999 0.8439835140625 0.6198025078125 0.85186913125 0.621944775 0.8592723124999999 0.636073409375 0.8675886828125 0.648990196875 0.8654291890625 0.6644627765625 0.8680022109374999 0.66735168125 0.870592459375 0.662653621875 0.8868920921874999 0.7015360828125 0.88539881875 0.690910890625 0.8840721015625 0.673761253125 0.8766861484374999 0.6520456546875 0.8686684312499999 0.64125390625 0.8580949203125 0.6199862890625 0.8373614265625001 0.5958125421875
0 0.5371738875000001 0.7496022671875 0.53478465 0.73260195625 0.5395516203125 0.7048443531249999 0.5417283421875 0.681784809375 0.5517906828125 0.66086753125 0.55028018125 0.6578293015625001 0.5585161375000001 0.6393357171874999 0.5538180781250001 0.63674546875 0.5545819421875 0.6344711015625 0.5500159828125 0.6405303359375 0.5361515453125 0.6652324796875 0.5286449984375 0.696625625 0.5229648359375 0.7255950765625 0.53044843125 0.7711340828125 0.5410047140625001 0.7999886593750001 0.5499183953125 0.8171555250000001 0.5677629875 0.8439022937499999 0.5877498453125 0.8627634421875001 0.6169834937500001 0.8857425703124999 0.6477621 0.8965860031249999 0.6260981859375001 0.8812110656249998 0.6195909703125 0.8734575484375 0.619906853125 0.867995625 0.6126185453125 0.8701034343749999 0.6077711578125 0.8664506671875 0.5859579171875 0.8500132109375 0.5691586171875 0.8307040781249999 0.5553975484375 0.80988444375 0.541222953125 0.770703328125 0.5394310250000001 0.75795309375 0.5356461578125 0.7541509984375001 0.5371738875000001 0.7496022671875