2 0.5333980546875 0.3235721125 0.533422309375 0.323575521875 0.537538915625 0.3123835578125 0.5559806859374999 0.3061449265625 0.5897696296875 0.3219067 0.5902752437500001 0.3200197265625 0.5913773359375 0.3121779265625 0.550635384375 0.2968865953125 0.5480537015625 0.279875003125 0.5415712046875 0.2789639484375 0.531300284375 0.2939417875 0.5273123625 0.3129973875 0.5261779484375 0.3157876125 0.5253856390625 0.3214251921875 0.5333980546875 0.3235721125
1 0.47947893124999996 0.297685659375 0.4815441921875 0.3031221 0.49126193437500004 0.3032917234375 0.4968114578125 0.294747965625 0.500979678125 0.303461346875 0.51492218125 0.30910510625 0.5201889953125 0.316757584375 0.5224329234375 0.31729749687500003 0.530002978125 0.3183613984375 0.5322547078125 0.30616740937500003 0.5314011234375 0.293191575 0.5360613125 0.2791449078125 0.5365780828125 0.2754678921875 0.5148224796875 0.25293930468750003 0.488149153125 0.234112390625 0.4689209859375 0.2218959015625 0.47407471875 0.2360268765625 0.4643381296875 0.2369370015625 0.4564971796875 0.2530013078125 0.45299407187499996 0.2680612546875 0.47947893124999996 0.297685659375
1 0.5376385546875 0.3814650046875 0.532817684375 0.403267746875 0.53071064375 0.4182601234375 0.5312166109375001 0.419514721875 0.534118534375 0.41992255937499995 0.56076628125 0.3873148265625 0.5880643953125 0.35993054999999996 0.6050242765625 0.349496234375 0.607730471875 0.34177065156249997 0.6083709125000001 0.3372136859375 0.60452739375 0.3319235375 0.6032388390625 0.3262525765625 0.6072833703125 0.3214262921875 0.601728340625 0.3150795890625 0.596057378125 0.3163681453125 0.567649565625 0.31624229062500003 0.5475329078125 0.35351099375 0.5376385546875 0.3814650046875
0 0.25619876874999997 0.26736852187500004 0.259716659375 0.26214590625 0.26959211562499996 0.2594192703125 0.277762853125 0.24795212968749997 0.2820765890625 0.248178203125 0.28440300937499996 0.24505593750000002 0.283381096875 0.243920984375 0.2889993359375 0.23988984218749998 0.289738659375 0.24641696406250002 0.2963222984375 0.24459920624999998 0.3012577328125 0.2329625078125 0.3067064203125 0.2321666671875 0.3097156484375 0.2366499578125 0.323108996875 0.22870070625 0.33400637187500004 0.22710902187499998 0.3359371640625 0.23153579375 0.344790709375 0.22767420624999998 0.3458783890625 0.226214440625 0.328920940625 0.22383122656249999 0.31675143281249996 0.2262047296875 0.2773061234375 0.236032840625 0.2415528421875 0.2579497953125 0.2325297453125 0.265046684375 0.2313382765625 0.26714703281249996 0.23042739375000001 0.26836951875000004 0.25035160625 0.271169684375 0.25619876874999997 0.26736852187500004
0 0.44978711562499996 0.567433965625 0.4500456625 0.5655943125 0.44164718125 0.5612676171875 0.43358948125 0.5519573421875 0.4179827484375 0.5430426984375 0.3956991140625 0.5368901359375 0.395255421875 0.5400471734375001 0.4019192796875 0.5460473390625 0.437337396875 0.565684271875 0.44978711562499996 0.567433965625
0 0.50636825625 0.4954866953125 0.5242509140625 0.47545051093749996 0.5251551906249999 0.46901625312500006 0.51478881875 0.480054884375 0.4981777078125 0.49623188906250004 0.4839025796875 0.5052194765625 0.4768092109375 0.509886075 0.4759656703125 0.5158881765625 0.478181190625 0.516199546875 0.48600854687500006 0.5127166765625 0.50636825625 0.4954866953125
0 0.86048268125 0.20514492812500001 0.8737984515624999 0.238899115625 0.893243203125 0.266469496875 0.9089447734375 0.28297481874999997 0.9126312046875 0.286243765625 0.9234419718750001 0.2877631203125 0.9235245078125001 0.28717584375 0.911180790625 0.2746298859375 0.9122988015625 0.2704574203125 0.9043082640625 0.26272631875 0.8856271265625001 0.23647855468749998 0.8745273078125001 0.211144190625 0.8662773359375 0.18769145 0.8628684859375 0.187896059375 0.86795435 0.18143275 0.8653291796874999 0.16619522343749998 0.8618106781250001 0.1417742578125 0.8646257671875001 0.11457833906249999 0.8757857890625 0.08961843750000001 0.8872253109375 0.0636154171875 0.895310809375 0.0501297953125 0.9042147453125 0.050279581250000004 0.9011602875 0.04498910625 0.9052030343749999 0.0382462953125 0.9090411749999999 0.0280946328125 0.9192129031249999 0.015168017187499999 0.922936746875 0.011567389062499999 0.9226515656250001 0.011527309375 0.9059867171875 0.0228041578125 0.8899655078125001 0.040871465625 0.8732355125 0.0699289421875 0.864161721875 0.09544784687499999 0.8568946640625 0.1225688765625 0.8546934046875 0.15999135 0.8576529031250001 0.186498546875 0.86048268125 0.20514492812500001
2 0.16719467500000001 0.750490903125 0.220472615625 0.774875728125 0.2361753734375 0.77708260625 0.24083800625000001 0.7439062515625 0.2433235265625 0.7203662859375 0.235332990625 0.7126351875 0.2236540984375 0.7061518078125 0.2120647921875 0.7410587640624999 0.1713083578125 0.73461014375 0.1681052953125 0.7440115078125 0.16719467500000001 0.750490903125
1 0.31602545625 0.81039478125 0.31610955937499996 0.8055765125000001 0.3228069359375 0.7781534328124999 0.32370324687499996 0.77177585625 0.2795434 0.7347331703125001 0.27617222343750003 0.7422348734375 0.26760961875 0.7377651000000001 0.245931775 0.730116259375 0.243289934375 0.7489139265625 0.24531729218749998 0.7773388750000001 0.31427952656249997 0.8101494078125 0.31602545625 0.81039478125
1 0.2173798703125 0.609375 0.1974457765625 0.6542923328125 0.17717010625000001 0.671855103125 0.158236 0.70165748125 0.140547371875 0.7097896265625 0.13332545468749998 0.7230060046875 0.133190528125 0.72396605625 0.1397209484375 0.7256582875 0.1676554203125 0.7295842203125 0.2060217984375 0.6829850125 0.21931102343750003 0.6500841281249999 0.22502066874999999 0.609457896875 0.224497278125 0.609375 0.2173798703125 0.609375
0 0.481730390625 0.7444934015625 0.47770383125000004 0.7594219171875001 0.472142109375 0.762374628125 0.4681109671875 0.7567563859375 0.461018665625 0.7682800453125 0.4521651203125 0.772141634375 0.4467729546875 0.7718590421875 0.43814548281250004 0.7714068953125001 0.43567843437500003 0.7782973875 0.44338367031250003 0.7793802875 0.45630930156250005 0.7756030078125 0.48298296562500004 0.761861375 0.50874775 0.744827925 0.536495259375 0.71059605625 0.5387086453125 0.709630659375 0.53503323125 0.7070565921874999 0.5246428 0.7055963125 0.52156674375 0.7065694984374999 0.5112391406250001 0.717923603125 0.503124921875 0.7283123125 0.4982460046875 0.7388705765625 0.49478462968750003 0.743014753125 0.49121021875000004 0.7493158015625 0.48604412343750003 0.7447194749999999 0.481730390625 0.7444934015625