1 0.1416499390625 0.24138113749999998 0.110523578125 0.25600135625 0.1090814546875 0.2651065640625 0.109317428125 0.27862542968750004 0.133929078125 0.2946709328125 0.1495318203125 0.2943985859375 0.1556155328125 0.2886391875 0.1416499390625 0.24138113749999998
0 0.486037575 0.3721899640625 0.4545864796875 0.4125070671875 0.43079146250000006 0.429237525 0.406885534375 0.44279195 0.3733406078125 0.453503075 0.33632389375 0.4558556953125 0.323619771875 0.45629933125 0.3012027109375 0.45178231249999995 0.286196390625 0.44700650781249995 0.2679400953125 0.44022425781249996 0.24964683124999998 0.4323833296875 0.227955721875 0.418301253125 0.2071384359375 0.3988888203125 0.1960710640625 0.38549572187500003 0.18602539375 0.371006975 0.1791927296875 0.35746599687499997 0.1745905546875 0.347423184375 0.1747218828125 0.3549469796875 0.184055921875 0.375315621875 0.19969073125 0.3980889328125 0.2226623390625 0.4184861015625 0.24439042031249997 0.43362685624999997 0.282109559375 0.45138909375 0.307702653125 0.455795203125 0.326399034375 0.45852432500000007 0.3417296296875 0.458256728125 0.3501606296875 0.45749243906250003 0.379766609375 0.455398609375 0.40181396875 0.449328859375 0.42889592656250003 0.43566352343750003 0.44856714531249997 0.4222569765625 0.4608276328125 0.40910921875 0.47308811406249995 0.3959614609375 0.48224650625 0.38504196562500004 0.49227872812499995 0.36879211562499997 0.49822411874999994 0.356924853125 0.5051172796875 0.341844590625 0.50890835 0.3289925890625 0.5117146796875 0.3182949140625 0.5121953140625 0.306821128125 0.5109368671875 0.30684309375 0.507295121875 0.31314941093750004 0.5037628437499999 0.333412146875 0.4939524421875 0.3560140546875 0.486037575 0.3721899640625
1 0.2911923421875 0.473203503125 0.2970586171875 0.47310110625 0.3240865125 0.45930174375000005 0.34049203125 0.45134629843749996 0.3404289875 0.4477345234375 0.3396204828125 0.4475773671875 0.30184520937500003 0.45713677031250005 0.28812491093750003 0.45554896093749997 0.272122765625 0.45459675781250003 0.25820033750000004 0.454048809375 0.253148575 0.45470805312499996 0.25304654375 0.4552329609375 0.25307286875 0.45674103437499997 0.261176225 0.46649790468749996 0.257412496875 0.4713913734375 0.2620528671875 0.4722933703125 0.2911923421875 0.473203503125
0 0.5182584546875 0.280539434375 0.5202658484375 0.2741474921875 0.5199515578125 0.256141759375 0.51978516875 0.2466093140625 0.5207334046875001 0.2402358625 0.5225587546875 0.227966971875 0.5225532078125 0.2276492203125 0.51854113125 0.236036196875 0.5135979203125001 0.251776346875 0.5141814390625 0.28520611093750003 0.5163804734374999 0.2943454984375 0.5164332796875 0.29737072656249997 0.5175636984375 0.29735099374999996 0.5182584546875 0.280539434375
0 0.4737358828125 0.1921952046875 0.47944639375 0.188534775 0.4916425234375 0.173839284375 0.503727921875 0.1601973125 0.5133914484375001 0.1504183453125 0.513375303125 0.149493459375 0.50056736875 0.15986512343749998 0.4887034265625 0.1714000578125 0.4787250625 0.1852634875 0.47384661406250006 0.191141684375 0.4701324109375 0.196077090625 0.46285885625 0.20987178750000002 0.4629567328125 0.2154790484375 0.463209603125 0.21547463437499997 0.46669661875 0.20849786093749997 0.4719072609375 0.199459109375 0.4737358828125 0.1921952046875
1 0.5492196421875 0.19410303281250002 0.5421046625 0.18537482968750002 0.5284897453124999 0.180659515625 0.50958485 0.2009260875 0.5096950453125 0.20723916562500003 0.513654821875 0.2108805328125 0.5354938140625001 0.1925637484375 0.547939146875 0.20041812343749998 0.5492196421875 0.19410303281250002
1 0.863998334375 0.259751415625 0.874792846875 0.24071565156250002 0.83438459375 0.211823446875 0.8296004171875 0.2119069546875 0.8210557125 0.24001825000000002 0.8211722781249999 0.24669633124999998 0.8514456218750001 0.2599705234375 0.863998334375 0.259751415625
1 0.2229877578125 0.7807256109375 0.22287305000000002 0.7741540328125 0.16957894843750002 0.771903525 0.1697975390625 0.7844265359375 0.171511875 0.7978831875 0.1782408203125 0.7989489484375 0.22136440781250002 0.7981962234375001 0.2229877578125 0.7807256109375
0 0.5431665890625 1 0.5394379890625001 0.99170294375 0.5318020125 0.9791224296875001 0.5208221625 0.9570649328125 0.518648378125 0.953924425 0.5196520765625 0.95072845625 0.5116117390625 0.9391124328125 0.5116562921875001 0.9416648140625 0.5132786234375 0.949780221875 0.519892415625 0.96449754375 0.52864301875 0.980237053125 0.535201346875 0.9917768953125 0.539567403125 0.9991170687500001 0.54029938125 1 0.5431665890625 1
0 0.53808735 0.8619434796875 0.5405265781249999 0.8590043796875 0.5438516375 0.8476371296874999 0.5456802625 0.8403732250000001 0.547287428125 0.8352163609375 0.5473037890625 0.835207775 0.5472536015625 0.83233251875 0.5450696609375 0.8360484203125 0.540580353125 0.8483584609375001 0.53609104375 0.8606684984375 0.535303171875 0.8639265 0.5355058515625 0.8755379781249999 0.5355935140625 0.8755364484375001 0.5359265390625 0.8723679375 0.5383657656249999 0.8694288390625001 0.53808735 0.8619434796875
0 0.5367761953125 0.91327679375 0.5380566906250001 0.9069617031250001 0.5364195671875 0.9033801421875 0.5361343859375001 0.91154666875 0.5364955984375 0.9322405249999999 0.536889709375 0.9333351296875 0.5404752312500001 0.93327254375 0.5394716203125001 0.9271505031249999 0.5367761953125 0.91327679375
0 0.45464993593749997 0.7425273671875 0.455783046875 0.7467455218750001 0.46971852500000005 0.756037628125 0.47612895312500003 0.7591041828125 0.4911975421875 0.7726144453125 0.49654881093750003 0.7756994875000001 0.4998002421875 0.77988066875 0.5041293234374999 0.7851025203125 0.5095730296875 0.7934833671875 0.5147161609375 0.796783940625 0.513846646875 0.7955277374999999 0.502977725 0.77982520625 0.49866713125000006 0.7756625125000001 0.4943565375 0.771499821875 0.484657703125 0.7621337640625 0.47609197812500004 0.7569858625 0.464274821875 0.74765678125 0.45464993593749997 0.7425273671875
1 0.5859512921875 0.9203476703125 0.589036334375 0.9149964046875001 0.5853966609375 0.8885728499999999 0.57580875 0.8855617578124999 0.5771267390625 0.9003715187499999 0.5528769703124999 0.9071517015625 0.5531542859374999 0.9230391109375 0.5859512921875 0.9203476703125