1 0.877850296875 0.4390625 0.878995409375 0.437594909375 0.891541071875 0.4203618484375 0.9020317734375001 0.40287646875 0.91825425 0.3641924765625 0.9097638781249999 0.35689216562500004 0.8996516531250001 0.3712951015625 0.878652040625 0.3979198578125 0.8604279203124999 0.4019400421875 0.83708460625 0.413675434375 0.8295319781250001 0.42422076875 0.8325064718749999 0.433972728125 0.8310024531250001 0.4390625 0.877850296875 0.4390625
1 0.8029531562500001 0.4390625 0.807342303125 0.4350548390625 0.8068012484375 0.42247275625 0.7985814046874999 0.4214634859375 0.7896046078125 0.4266190984375 0.7803572843750001 0.4254836703125 0.770875853125 0.43474920624999996 0.7680275171875 0.423969765625 0.7551931171875 0.42656578281249996 0.738323990625 0.4390625 0.8029531562500001 0.4390625
0 0.56875 0.39631327656250004 0.5735813875 0.402180725 0.58901180625 0.4124191078125 0.620503434375 0.4277584734375 0.6125176984375 0.416348240625 0.606352815625 0.4155912875 0.5994127703125 0.41265321562499996 0.59027339375 0.40214430312499994 0.5788449484375 0.40178403749999997 0.5816568625 0.3958714734375 0.5802326953125 0.3904817515625 0.5744462890625 0.386642359375 0.5711115296875 0.3883188421875 0.56875 0.3826858234375 0.56875 0.39631327656250004
0 0.84382170625 0.2059084796875 0.8440740250000001 0.20385351875 0.8369713984375 0.1852509234375 0.808417840625 0.1629715109375 0.8189995953124999 0.1872161453125 0.826714803125 0.1923353375 0.8356018609374999 0.204899209375 0.8456243484374999 0.20821575781249999 0.84382170625 0.2059084796875
0 0.868518975 0.28507779375000003 0.86895208125 0.3070333609375 0.8721606828125001 0.30638435625 0.8727550546874999 0.2845549484375 0.867310703125 0.2609411078125 0.8617401921875001 0.2383547484375 0.8608388703125 0.23720110781249998 0.8555753109375 0.2375977953125 0.8630564125 0.25311795 0.8665537499999999 0.2671059921875 0.868518975 0.28507779375000003
0 0.56875 0.8132892375 0.564751440625 0.8091975078125 0.55150214375 0.7981839609375 0.531961803125 0.7874409421874999 0.498289053125 0.7728767390625 0.47696428125 0.7681724437499999 0.44819482656250004 0.76464 0.4261131015625 0.7661005890625 0.3983893390625 0.7710403046875001 0.3687549859375 0.7830462265625 0.3474666328125 0.7950339359375 0.331315684375 0.8076524421875 0.32042829687499996 0.8198742593749999 0.3046740328125 0.837756325 0.29827504375 0.8474003359375001 0.300203846875 0.8486801343749999 0.30225880625 0.8489324515625001 0.3085316375 0.840315921875 0.31505678593750003 0.8296444296875001 0.3283776125 0.8145924875 0.34914311875 0.7983686953125 0.36927783125 0.7872823078125 0.40327442343750003 0.7737260609375 0.4150813453125 0.771003884375 0.426635946875 0.77033666875 0.457189834375 0.7678303890625 0.4756844828125 0.770101246875 0.5039493015625001 0.7777436140624999 0.5227144781249999 0.7863055125 0.5443097781249999 0.7973008484375 0.5603892 0.8107478328125 0.56875 0.8181470609374999 0.56875 0.8132892375
1 0.5279234078124999 0.76087081875 0.50274103125 0.7536069265625001 0.51110524375 0.76193471875 0.4940347625 0.7650535828125 0.5324664375 0.78333101875 0.557667025 0.7989409125 0.5647150187500001 0.7925055015625 0.5279234078124999 0.76087081875
0 0.27006617187500004 0.924245475 0.271148284375 0.9494096437499999 0.27446483125 0.9393871562499999 0.274698940625 0.9289861921875 0.2760866859375 0.9176839062500001 0.2802863453125 0.9004690546875 0.28026813437500003 0.892123053125 0.28524295624999996 0.877089321875 0.28306183749999997 0.8778644843750001 0.27668105781249996 0.8958545000000001 0.27006617187500004 0.924245475
0 0.2851591 1 0.2848671109375 0.9990707609375 0.28113566562500003 0.995483684375 0.280089975 0.9870115234375 0.2764846875 0.9823969671875 0.2780168015625 0.9784132031249999 0.2774939578125 0.9741771234375001 0.2759254203125 0.9614688812499999 0.275132046875 0.9509417578124999 0.27230192343750004 0.9485083218749999 0.271148284375 0.9494096437499999 0.2729873484375 0.9684089265625001 0.2770075328125 0.986633046875 0.28108465312500003 1 0.2851591 1
1 0.2356195734375 0.9669496531250001 0.230374225 0.9756923437499999 0.239639759375 0.985173775 0.249283771875 0.9915727640625001 0.2696708 0.9784314140625 0.2710585453125 0.967129128125 0.263992340625 0.9652185375 0.24694007031249998 0.9766834015625001 0.2356195734375 0.9669496531250001
1 0.6473924609375 0.5046070312500001 0.6339218 0.503759225 0.6312952703125 0.5075715703125 0.6282467984375 0.5181124609375 0.6267267484375 0.5304922750000001 0.633772378125 0.5388851234375001 0.6346081328125 0.538987740625 0.6540252734374999 0.524355875 0.6473924609375 0.5046070312500001