0 0.3680538890625 0.0490550671875 0.335207740625 0.051081117187500004 0.3326563609375 0.05153099531250001 0.30009278125 0.06211154375 0.27215763593750003 0.07682911249999999 0.24519142500000002 0.098000928125 0.22256129531250002 0.1290456484375 0.2121250140625 0.1628974203125 0.20500436249999998 0.20695365625 0.209746 0.25279649531250004 0.215714140625 0.271164540625 0.22153101406250003 0.264761809375 0.23196401875 0.27603823906249997 0.2473962296875 0.2992284703125 0.24833940625 0.30907561875 0.2557625828125 0.3145609296875 0.2595128078125 0.3122142296875 0.258978465625 0.293208815625 0.25670903749999996 0.27927988125000003 0.24936313124999998 0.26361585625 0.2447727578125 0.242543790625 0.2442899296875 0.216752571875 0.2479404046875 0.1828492859375 0.257967853125 0.15815578125000002 0.2682753484375 0.14126853281250001 0.282638878125 0.126447934375 0.3021046390625 0.1099695203125 0.33241224062499997 0.09560927031250001 0.369759940625 0.09249969375 0.3965458546875 0.09507820624999999 0.41817801718750003 0.1061003421875 0.4350652640625 0.11640784062500001 0.45021742812500004 0.131791815625 0.47169505 0.163171378125 0.47970408124999997 0.1808762953125 0.486283834375 0.208071040625 0.4914085484375 0.24814851875000002 0.48847271406250004 0.2773068890625 0.47949147031250006 0.298275925 0.46885241093749996 0.3141427265625 0.46841781875 0.326693896875 0.4696668 0.340954396875 0.46214059374999994 0.3490407 0.46261082187499997 0.350487915625 0.464433778125 0.350166478125 0.4723450640625 0.34572506875000003 0.48502501875000004 0.3291951390625 0.49699033125 0.317410125 0.51143113125 0.2924108140625 0.523499471875 0.26705418281250004 0.527124190625 0.236543803125 0.5300085078125 0.21417124375 0.53060174375 0.2008822515625 0.5243807312500001 0.165601140625 0.52095655 0.15506259375 0.5052442890625 0.1240661109375 0.49550016875 0.11143766875000001 0.4813684546875 0.09572213125 0.45912467812499996 0.075873290625 0.420605265625 0.0545436578125 0.39180421718749997 0.049235365625 0.3680538890625 0.0490550671875
0 0.3189763625 0.37740114999999996 0.31894399687499997 0.3772175875 0.29739731875 0.36398884374999996 0.285014978125 0.35508775625 0.279907384375 0.36089957968749997 0.27655975312500003 0.361796571875 0.2766611046875 0.362371365625 0.29069791718750004 0.368005565625 0.3180986140625 0.37755592031249996 0.3189763625 0.37740114999999996
2 0.371395446875 0.4407344984375 0.352593421875 0.40466344374999996 0.3475665796875 0.4055498109375 0.34135214375 0.4090378828125 0.32146357812500004 0.45673836406249996 0.3714395265625 0.46017351562500003 0.37472104375000004 0.45959489531250003 0.371395446875 0.4407344984375
1 0.45522305625000004 0.4264438421875 0.4611636078125 0.418948384375 0.461120146875 0.418701903125 0.4180091015625 0.42056097968749995 0.404815121875 0.4089160609375 0.3779585125 0.3944616703125 0.3606083 0.41204377968749994 0.3730697078125 0.44241283593749997 0.39210927500000003 0.4454226515625 0.409192628125 0.442410396875 0.45522305625000004 0.4264438421875
1 0.2584215921875 0.4071178390625 0.25874409531250003 0.41080405156250005 0.3165967890625 0.4460447078125 0.320477921875 0.44536035937499996 0.3437800375 0.410092828125 0.343572759375 0.40891730156249995 0.29504574375 0.41947572656250004 0.2629121390625 0.406326034375 0.2584215921875 0.4071178390625
1 0.5492746234375 0.9148756171875 0.5275403703125 0.9428545843749999 0.5284467578125 0.9479949671875 0.533301515625 0.9629363734374999 0.5777150718749999 0.9676845625 0.582100925 0.9553462640625 0.5808369734375 0.948178040625 0.5492746234375 0.9148756171875
0 0.1691293671875 1 0.1683142703125 0.995806690625 0.16813913593750002 0.989282471875 0.167944796875 0.9820429734375 0.1672571265625 0.97814299375 0.1652137171875 0.9854789421875001 0.163318753125 1 0.1691293671875 1
0 0.16688313125 0.9654582906249999 0.1693416484375 0.9566267187499999 0.1727755296875 0.9466327515625 0.1731898046875 0.9390570890625 0.17816013749999998 0.9343140015625 0.1874462015625 0.9173456765625 0.196825778125 0.9014462328124999 0.2041515390625 0.8904450078125 0.203966453125 0.8893953328125 0.1936191421875 0.9017267765625 0.18405253593749998 0.9154884656250001 0.17681071406249999 0.9312008828125 0.17309628906250002 0.9379882109375 0.170357228125 0.9436131484375 0.1653466796875 0.9602074125 0.1637135109375 0.9670442328125001 0.164795475 0.97318035625 0.16646885625000002 0.973033953125 0.16688313125 0.9654582906249999
1 0.12568912031249999 0.9487370343749999 0.1278636875 0.95489068125 0.139239390625 0.9452582421875 0.163726325 0.9605517796875 0.1700050421875 0.952907590625 0.14458651875 0.93233075 0.13159520156249999 0.938979525 0.12568912031249999 0.9487370343749999
0 0.805543371875 0.6296875 0.806400903125 0.6454634875 0.80186865 0.6700049390625 0.7977429859375 0.6877725781249999 0.77588955625 0.7347282078124999 0.756217871875 0.7566613906249999 0.7357130796875 0.77548536875 0.7050475703125001 0.7936994703125 0.6690512375 0.80445546875 0.657696965625 0.8074978359375 0.6823958484375 0.80314275625 0.68307985625 0.8029181328125 0.7118213828125001 0.7941060531249999 0.73219729375 0.7830922890625 0.7558112875 0.7634352015625 0.772170471875 0.7457220359375001 0.781274853125 0.7299527875 0.79037923125 0.7141835390625 0.7969298140625 0.7013202046875 0.80312828125 0.6829971578125 0.8062919562499999 0.669930528125 0.8096589265624999 0.65347699375 0.8104720953125 0.6399293703125 0.810698459375 0.6322989953125 0.81023798125 0.6296875 0.805543371875 0.6296875
1 0.70722554375 0.8209770687500001 0.7264661796875 0.8106555625 0.7435119984374999 0.7843600640625 0.7513753453125 0.7727590828124999 0.7512353703125 0.7719652421875 0.74396234375 0.7732476734375 0.7229060406250001 0.7937248390625 0.7100667953124999 0.79928053125 0.6955478671875001 0.806549371875 0.6830579453125 0.8131195671875 0.6776695625 0.8172445093749999 0.691973015625 0.8225325109374999 0.6918188015625 0.8236936937499999 0.70722554375 0.8209770687500001