2 0.23231425 0.3070923421875 0.23997896093749999 0.2971451328125 0.2789339234375 0.290282634375 0.281765765625 0.2776245578125 0.2512031625 0.2874651578125 0.23498912187499998 0.283499140625 0.2376890671875 0.28164803125 0.233562428125 0.2785236671875 0.2214606609375 0.2626093296875 0.21480492187500003 0.26387965156250004 0.2149807875 0.2739549265625 0.21991643593750002 0.28351350625 0.21580416093750002 0.295461828125 0.2210122515625 0.30728961875 0.23231425 0.3070923421875
1 0.24902310625 0.25769946093749996 0.24614455781250003 0.2687421125 0.2461804984375 0.27080118125 0.25202294687500004 0.2782892734375 0.2525211203125 0.284566390625 0.25185217187500003 0.2864357125 0.2819228421875 0.2859108265625 0.284658021875 0.2850888640625 0.29143871250000003 0.282331359375 0.296722184375 0.2650107265625 0.3022587921875 0.24442631406249998 0.30578650625 0.2243427734375 0.3070231359375 0.18389472812500002 0.2951570609375 0.1841018515625 0.2922467234375 0.1957119890625 0.282183353125 0.22809392499999998 0.2666103765625 0.23837803281249997 0.24902310625 0.25769946093749996
1 0.171782596875 0.27032601562499997 0.160160940625 0.27635910625000004 0.14278877343750002 0.2990244984375 0.1344515234375 0.3159549046875 0.134538425 0.32093355 0.1394673734375 0.330993571875 0.15157485312500002 0.3280278359375 0.1460487265625 0.3414156109375 0.1604532359375 0.341164178125 0.1741799234375 0.3317842484375 0.19779792812500002 0.315466315625 0.21425877343750002 0.30028196875 0.20908619218750002 0.2874759171875 0.20762873124999998 0.2782738515625 0.21262985781250002 0.270145046875 0.209964953125 0.2621630484375 0.1976655828125 0.262377734375 0.1932540828125 0.26692526562499996 0.18405201875 0.2683827296875 0.177491809375 0.2799027703125 0.171782596875 0.27032601562499997
0 0 0.26258095937500003 0.0031817828125 0.26070441093749996 0.028245315625 0.24417982343750003 0.0315717671875 0.24137570312499998 0.0313404734375 0.22812485625 0.0232032921875 0.22920423437499998 0.013038156249999999 0.2364192671875 0.009623615625 0.24200551718750002 0.0016314890625000003 0.24441009687499998 0 0.2469239921875 0 0.26258095937500003
0 0.2244963171875 0.0133364453125 0.224460359375 0.0112764859375 0.192895675 0.021510403125 0.18418338125 0.03156911875 0.18433665 0.040349934375 0.18746250625 0.0404421640625 0.2001107078125 0.0316755375 0.2091114984375 0.0295038296875 0.2244963171875 0.0133364453125
0 0.2624202703125 0.0725065328125 0.2572113125 0.07165260625 0.2562128734375 0.0727233 0.24869502968749999 0.0947382109375 0.2412133140625 0.1177876859375 0.240570734375 0.1284764171875 0.2407399296875 0.138169565625 0.24329907031250003 0.1381248953125 0.24538770625 0.118677740625 0.248911796875 0.1009456046875 0.253614965625 0.087315609375 0.2624202703125 0.0725065328125
0 0.46875 0.79925990625 0.45539754375 0.790565496875 0.423766915625 0.783515471875 0.3833467015625 0.77972381875 0.33782080312499996 0.788098825 0.3378786453125 0.7914125484375 0.35722838125 0.7905034015625001 0.3737977078125 0.7927735296874999 0.38182788125 0.7993064859375 0.389106746875 0.8028260984375001 0.397136921875 0.8093590546874999 0.39813866875000004 0.813376840625 0.399393553125 0.8141308515624999 0.41144691718750004 0.8111256109375 0.46794097968750004 0.80664205 0.46875 0.8069315625 0.46875 0.79925990625
2 0.791856559375 0.6155945390625 0.79190175 0.618183540625 0.8014575328125 0.6832934093749999 0.8246064109375 0.68288934375 0.8523816249999999 0.617516590625 0.791856559375 0.6155945390625
1 0.8582570828125 0.6843278703125 0.893429803125 0.691744096875 0.893373296875 0.6885068343749999 0.8597813015625 0.6562087546875001 0.8381924453125 0.6509225828125 0.821190915625 0.6846330843749999 0.8212471109375 0.68785253125 0.8292861765625 0.7015605140625001 0.83643350625 0.7014357578125 0.8441867265624999 0.70063865625 0.8582570828125 0.6843278703125
1 0.79694435625 0.638486596875 0.793468509375 0.6105444390625 0.7941670796875 0.608337596875 0.76031504375 0.6063625296875 0.7213944437500001 0.607636646875 0.7214704640624999 0.6119918859375 0.77232090625 0.6159900921875 0.795591346875 0.6396391390625 0.7969640546875001 0.6396151781249999 0.79694435625 0.638486596875
0 0.7301229890625001 0.660048728125 0.73014679375 0.66141250625 0.7351696999999999 0.6625721359375 0.7670986937500001 0.6620148125 0.733321715625 0.6592769421875 0.7301229890625001 0.660048728125
0 0.6107039828125 0.9389682546875001 0.6313417125 0.9554195437499999 0.6524451843750001 0.9698535046875 0.6709305750000001 0.9747752468750001 0.6914790109375 0.9795192281249999 0.6966585046875 0.9804801671875001 0.7395336953125 0.9797317781250001 0.7620036796875 0.9738985421875 0.78993753125 0.9633487531250001 0.8180270593750001 0.947522775 0.8382801359375 0.9288251796874999 0.853645571875 0.9036870515625001 0.8657521421875 0.87885898125 0.8703323234375 0.8544181625 0.8717321281250001 0.8207436796875001 0.8674671984375 0.7931983765625 0.8573831468750001 0.7632471984375 0.8516425156249999 0.751297603125 0.8410142390625 0.7329074734375001 0.8343408359375001 0.7388037828125 0.8057894609374999 0.7152133562499999 0.7977986343750001 0.7038066875 0.789962184375 0.7009350734375 0.7926768234375 0.7121860640625 0.8000462359375 0.730886253125 0.8178895468749999 0.7594415156250001 0.82975805625 0.790867096875 0.8315399234375 0.8199639906249999 0.830684340625 0.8420774234374999 0.8202065515625 0.8736560875 0.806548390625 0.896001090625 0.782104975 0.9190434015625 0.7564985125 0.9333177906250001 0.72647014375 0.9391343140625 0.7041238453125 0.939287396875 0.6783642999999999 0.9312154843750001 0.6477171109375 0.9167030374999999 0.6236661328124999 0.8920267531250001 0.6094689359375 0.8706878187499999 0.594497240625 0.8342961062500001 0.5851117984374999 0.801318934375 0.58666598125 0.77617950625 0.5907804249999999 0.7537560171875001 0.5908589140625 0.744212296875 0.5850410953124999 0.7279951734375001 0.5901629015625 0.7196157968750001 0.5886113125 0.71713273125 0.5785233671875 0.7286152921875 0.5707628125 0.7438224515625 0.5652823671875 0.7562575109375 0.5556659796875 0.7979106546875 0.554489803125 0.8043590765624999 0.5547732625 0.8205985265625 0.5571740515625 0.8533024609375 0.5698183609375 0.8859695750000001 0.5892132609375 0.9170079046874999 0.6107039828125 0.9389682546875001