0 0.0494916609375 0 0.051947375 0.0066879953125 0.06790144375 0.0362511015625 0.0864515484375 0.058164281250000005 0.11325279218749999 0.08051511875 0.14519083593749998 0.0977844296875 0.19365879531250002 0.11081989375000001 0.2076121421875 0.110014384375 0.2550540984375 0.1007926015625 0.2847506875 0.09107190625 0.32264784375 0.0602280046875 0.3548622625 0.026405687500000004 0.365573521875 0.0079914984375 0.368476465625 0 0.32170595625 0 0.30814266562500003 0.017113409375 0.280710303125 0.03877785 0.2513660265625 0.05060635 0.20890791250000001 0.052734821875000004 0.174565021875 0.0440990296875 0.14183457500000002 0.028004504687499997 0.11913126249999999 0.0109816578125 0.10798002343749999 0 0.0494916609375 0
1 0.7598465062499999 0.36596560624999996 0.76914424375 0.35218114843750004 0.80042959375 0.34219080156250004 0.8000805234375001 0.34039499375000004 0.7934069953125 0.3352158453125 0.751386540625 0.32909318125000003 0.716142965625 0.3053210890625 0.704503390625 0.313708146875 0.72933744375 0.336441365625 0.7423407281250001 0.36657804843749997 0.7536183578125 0.36717623593750004 0.7598465062499999 0.36596560624999996
2 0.2043434703125 0.7145508781250001 0.2099965875 0.7348337 0.2209955859375 0.7326957109375 0.22523389218749998 0.717479975 0.2547417234375 0.7117442328125 0.2631955171875 0.6979545375 0.26317473593749996 0.6978476234375 0.22925118281249998 0.701387721875 0.22436084687500002 0.697234515625 0.21550849843750003 0.6989552375000001 0.2129953734375 0.6912776734375 0.2037606421875 0.691031209375 0.2008098578125 0.6916047828125 0.2013054640625 0.69892169375 0.2043434703125 0.7145508781250001
1 0.21399399843750003 0.7022217859375 0.22345684375000002 0.70038239375 0.23397561718749998 0.693144721875 0.24103467968749998 0.6904015375 0.2352356484375 0.6605681078125001 0.1954515546875 0.6461590984375001 0.16872094531249998 0.6302108640625 0.160023521875 0.6257544015625001 0.1653644234375 0.6532309625 0.1657982 0.6539330171875 0.17908616875 0.6697486734375 0.199929765625 0.6919126859375 0.21399399843750003 0.7022217859375
1 0.2695278671875 0.7356509109375 0.2782324953125 0.7503954343749999 0.289377884375 0.7443603546875 0.280141003125 0.7641761171875 0.286631334375 0.762914525 0.31062228125 0.74366678125 0.32937353593749996 0.72306358125 0.3393837859375 0.7132236093750001 0.33095790625 0.669876215625 0.3252596421875 0.670880975 0.3185833640625 0.6791804125 0.3090635421875 0.6828939359375 0.3058695984375 0.69363173125 0.2993697265625 0.6856206796875 0.2908366875 0.6891602078125001 0.269413475 0.7234615421875 0.2695278671875 0.7356509109375
0 0.5217053734375 0.6849064234375 0.5129626453125 0.681929915625 0.501483734375 0.6735010890625001 0.49969223906250004 0.6776084921875001 0.49468908593750005 0.6778706953125 0.491162784375 0.6680217125000001 0.484949234375 0.6643338328125 0.48321017812499995 0.66944186875 0.479788759375 0.661594146875 0.4726794609375 0.659959971875 0.46820496875 0.6511640578125 0.4578840203125 0.6456846796875 0.4555156703125 0.6387851453125 0.44815267187499996 0.6360132671875001 0.432930628125 0.6389721328125 0.43296392499999997 0.6396074875 0.438872034375 0.6466810546875 0.45356259374999996 0.658955084375 0.476415525 0.6738114796875 0.49690011093750003 0.6817683390625 0.514242828125 0.6868364359375001 0.521795175 0.6853684078125 0.5217053734375 0.6849064234375
0 0.5265228828125 0.6822937671875 0.523159153125 0.6851032765625 0.5305534062499999 0.6836659796875 0.5265228828125 0.6822937671875
0 0.22935726562499997 0.49937101093749997 0.2258329078125 0.4969938015625 0.2250405046875 0.49816858750000004 0.2176624109375 0.5179763921875 0.2114591046875 0.5385765984375 0.20960019375 0.555270065625 0.2105561515625 0.5601880359375 0.2167870953125 0.5344786671875 0.22099557656250002 0.51937000625 0.22438401875 0.51054529375 0.22935726562499997 0.49937101093749997
0 0.2474466171875 0.46114901875000003 0.2420909875 0.47035611250000003 0.2412985859375 0.47153089843749996 0.252719334375 0.4672694125 0.2586485375 0.46101310156249997 0.2681297375 0.4520248359375 0.270725775 0.444374909375 0.276654978125 0.43811859843749995 0.279251015625 0.43046867187500004 0.27293942968749996 0.4347577953125 0.26088983125 0.4462868234375 0.2474466171875 0.46114901875000003
2 0.8492904203125 0.9486127796874999 0.9151814437500001 0.9238549812500001 0.9139805859375001 0.9176770999999999 0.91172386875 0.9091442578125001 0.8735825171875 0.912475153125 0.865114821875 0.8794153265624999 0.8538852625000001 0.8846604093749999 0.8459888703124999 0.8912991015625 0.8479403203124999 0.9464261656249999 0.848399034375 0.9487860484375 0.8492904203125 0.9486127796874999
1 0.9907856328125 0.9354346 0.9937249859375001 0.9348632484374999 0.9877058312500001 0.903897378125 0.98673675625 0.89979010625 0.93397726875 0.8876183546874999 0.93435023125 0.8952402703125 0.9253884703124999 0.8951518859375 0.9068960234375 0.897607825 0.9103074421875 0.9151580484374999 0.923628803125 0.9372589031250002 0.9907856328125 0.9354346
1 0.8294984375000001 0.9190265312499999 0.8298739515625 0.9189603171874999 0.8368740390625 0.9175996390625001 0.8572769234375001 0.8629294515625 0.85928123125 0.8246161125 0.8530774453125 0.7927004 0.8450750421875 0.7941114390624999 0.8410856421874999 0.8403478734375 0.82860306875 0.86188065625 0.8209947968750001 0.89374604375 0.8079330390624999 0.9062238031250001 0.80587145 0.9183433921875 0.806356096875 0.92083668125 0.8294984375000001 0.9190265312499999
0 0.8312733390625 0.7457431531250001 0.8404827062500001 0.714351046875 0.8342263937500001 0.7084218421875 0.8340075640624999 0.7125474109375001 0.82769370625 0.7535842718750001 0.828566753125 0.773829734375 0.833648278125 0.7789665343750001 0.8312733390625 0.7457431531250001
0 0.85605893125 0.6684514890625 0.859965671875 0.6727958875000001 0.8718240796875 0.6602832640624999 0.8740653734375 0.6455569875 0.8802134046875001 0.63517510625 0.861633390625 0.655118825 0.8515233421874999 0.6713746359374999 0.8499109 0.6788333703125 0.8528616828125 0.6782597953125 0.85605893125 0.6684514890625