2 0.9243101921874999 0.2533362515625 0.9283077671874999 0.24221134218749998 0.9233411874999999 0.23050628281250002 0.9294937421875 0.21622702343750003 0.92930081875 0.210702421875 0.9203237796875001 0.2096310890625 0.9092931078125 0.2264553328125 0.9053701000000001 0.2298812234375 0.9082102359374999 0.23154985312499998 0.8922129859375 0.23666903593750002 0.861148278125 0.2290114375 0.8611857078125 0.23008332343750001 0.8645746453125 0.24144370624999997 0.9041592875 0.24559793124999998 0.9114329359374999 0.253785934375 0.9243101921874999 0.2533362515625
1 0.8983758890625001 0.23548046718750001 0.9202012093749999 0.23367600937500002 0.9274520796874999 0.2323805015625 0.9362760640625 0.2164378375 0.9460320203125001 0.1973357234375 0.9537059109375001 0.178306315625 0.9637394734375 0.1373061734375 0.9541520625000001 0.1313871640625 0.9463691093750001 0.147293475 0.929689465625 0.177060384375 0.9122100421875 0.1839245890625 0.89085731875 0.199262465625 0.8850110156250001 0.210931940625 0.8895023265625 0.220155815625 0.8886794171875 0.22643836093749997 0.8867064124999999 0.229634165625 0.8983758890625001 0.23548046718750001
1 0.8187022374999999 0.2820394 0.8442917953125001 0.26863817343749996 0.8625941296875 0.2554914234375 0.8589984359375 0.242067065625 0.858671253125 0.2326977765625 0.8646629703125001 0.22519243125 0.8621446625000001 0.21277275312500002 0.85381640625 0.21306358281249999 0.8457062703125 0.2196006046875 0.83633698125 0.2199277875 0.8283722609374999 0.2306289359375 0.8238445953125 0.22036403125 0.811497625 0.2249644015625 0.7913677031249999 0.2454710859375 0.7794933296875 0.263604875 0.7841300546875 0.276992878125 0.7965860875 0.2755156015625 0.7857890984375 0.2946540703125 0.799249809375 0.292099409375 0.8187022374999999 0.2820394
0 0.6181069046875 0.20878712031250002 0.614874746875 0.205773084375 0.610310728125 0.1944671453125 0.602878090625 0.19055749375 0.600577903125 0.1843840078125 0.5919224640625 0.1753055484375 0.583485146875 0.17247328125 0.5774570750000001 0.1789375953125 0.5775297828125 0.181019659375 0.5840668046874999 0.18912979375 0.6056508734375 0.2102643953125 0.627162234375 0.22931693281249999 0.6441095765625 0.23706353125000001 0.67782249375 0.24735156875 0.6680896687500001 0.2372684296875 0.6618434765625001 0.23748655156249998 0.6544835453125 0.23565896406250003 0.6437460406250001 0.2266532109375 0.6323310421875 0.2280941328125 0.634194984375 0.2217752328125 0.6319311515624999 0.21664277968749998 0.6255758984375 0.21373780468749998 0.6225255093750001 0.2159289296875 0.6181069046875 0.20878712031250002
0 0.9018558875 0.0665060828125 0.9057424109374999 0.088258696875 0.908829153125 0.08710860312499999 0.9059836609375 0.0653196359375 0.8968556249999999 0.042707759375 0.8877639421874999 0.0211369140625 0.8866865562499999 0.0201322359375 0.8815177484374999 0.0213550359375 0.8913959890625 0.0356023015625 0.8970737468750001 0.0489539515625 0.9018558875 0.0665060828125
1 0.0770853109375 0.716389396875 0.0768969796875 0.71099628125 0.073395415625 0.7102520015625 0.029658190625000004 0.706103709375 0.025078509375000002 0.7062636359375001 0.0259630796875 0.731594378125 0.0478572953125 0.73673723125 0.07424834687500001 0.735815634375 0.0770853109375 0.716389396875
1 0.11643985781249999 0.9943965265625 0.13075983124999999 0.9866003515624999 0.0942014234375 0.9545233468750001 0.07592221875 0.9384848453125001 0.08620034843749999 0.9641834640625 0.11643985781249999 0.9943965265625
0 0.26500560625 1 0.26775305 0.99953556875 0.27801795625 0.9950079046875 0.2924106390625 0.9892937921874999 0.3129404515625 0.9802384640625 0.3292334296875 0.9692464843749999 0.3444490203125 0.9572498265625 0.3432989265625 0.954163084375 0.3380937671875 0.9543448515625 0.3290516609375 0.9640413234375 0.323882853125 0.9652641234375 0.31893216875 0.9727331171875001 0.30156180625 0.9827204171874999 0.289214834375 0.987320790625 0.27999096093750003 0.9918121 0.2655255703125 0.9954441468749999 0.2514585 1 0.26500560625 1
0 0.2045085109375 1 0.20313635156249998 0.9997074312500001 0.18536609843750002 0.998243378125 0.1706462359375 0.9945882015624999 0.1473799921875 0.9849776609374998 0.127200490625 0.9742170265624999 0.1058345453125 0.9593286171875001 0.0852551546875 0.9371166296875 0.0731130828125 0.9177369093750001 0.0641304609375 0.8992891609375 0.0535615015625 0.8652622843750001 0.049674978125000005 0.8435096703125 0.0518892328125 0.8173748078124999 0.05130757500000001 0.8007182937499999 0.056972109375 0.7838436578125 0.0545628609375 0.774547075 0.052698920312499994 0.780865975 0.04990300625 0.7903443250000001 0.0472525078125 0.8039868046875001 0.0465750109375 0.8144334796875 0.0462246984375 0.8342494421875 0.0468427109375 0.8519469890625 0.0494700796875 0.8674897640625 0.061152778124999994 0.90356235 0.0646394109375 0.9138636109375 0.071321846875 0.926137875 0.07789522343750001 0.9352890421875 0.0844322453125 0.9433991765625 0.09089655937499999 0.9494272468750001 0.10062938437499999 0.9595103859375002 0.1081347296875 0.9655021031250002 0.11660840312500001 0.9693754015625 0.1262685203125 0.9773764765624999 0.133701159375 0.981286128125 0.1432522171875 0.9861641078125001 0.16231797812499998 0.99487903125 0.175996809375 0.9985705609375 0.1814458 1 0.2045085109375 1
0 0.39370139531250004 0.8752726703124999 0.39538356874999997 0.8637486109375001 0.38749155625 0.876531825 0.38864165 0.8796185671875 0.3866686453125 0.8828143718749999 0.3770217515625 0.9050395828125 0.3701707703125 0.9177864437500001 0.364433528125 0.9325790140624999 0.366442884375 0.9304242437500001 0.3704252453125 0.92507366875 0.37433489999999997 0.917641028125 0.3801812015625 0.9059715546875001 0.387964153125 0.89006524375 0.39370139531250004 0.8752726703124999
0 0.3958660734375 0.8178704906250001 0.39615690312499996 0.8261987468750001 0.3973069953125 0.829285490625 0.39537034531250004 0.8335223265625 0.3966295 0.839732165625 0.3939790015625 0.8533746421874999 0.392260471875 0.8638576718750001 0.395347215625 0.862707578125 0.3972475125 0.8574297109375 0.39856615 0.8354953296875 0.39812990625 0.82300294375 0.397475540625 0.804264365625 0.394848171875 0.788721590625 0.39128883124999997 0.7763382671875 0.38772949218749997 0.7639549421874999 0.382124440625 0.7526853578124999 0.38241526875 0.7610136140625 0.3856110734375 0.7629866171874999 0.3868338734375 0.768155425 0.38812938125 0.7754062953125 0.39061133593749997 0.7867849421875001 0.3928024609375 0.7898353312499999 0.39201590468749997 0.797158909375 0.3942070296875 0.8002092984375 0.3946796265625 0.813742715625 0.3958660734375 0.8178704906250001
0 0.30325715937500003 0.6730976359375 0.3044436046875 0.6772254125 0.31830420625 0.686122103125 0.32465945937499996 0.689027078125 0.33970650625 0.70205154375 0.345020728125 0.7049928718749999 0.3482892390625 0.7090479390625 0.352635134375 0.7141076843749999 0.358131125 0.722254175 0.36324441093750004 0.7254109796874999 0.3623679609375 0.7241908234375 0.3514123359375 0.708938878125 0.3471027921875 0.7049201640625 0.3427932484375 0.7009014515625 0.33309677656250003 0.6918593453125 0.3245867515625 0.6869450125000001 0.3128082171875 0.6779756140625001 0.30325715937500003 0.6730976359375
1 0.43540216249999997 0.8456743046874999 0.438343490625 0.8403600828125001 0.43431155312499997 0.814443340625 0.42483320312500006 0.8116474281249999 0.42638318750000004 0.826185525 0.402657571875 0.8332678515625 0.40320287656250003 0.8488833328125001 0.43540216249999997 0.8456743046874999