0 0.2045333578125 0 0.21316302812500001 0.015194276562500001 0.21246474843750002 0.01962118125 0.2164669421875 0.0213200125 0.21692034218749998 0.028597428125 0.2122198640625 0.031325496875 0.22222535312499997 0.035572575 0.22655850625 0.05040098125 0.2366500703125 0.079481953125 0.23943552499999998 0.100738359375 0.23864349375 0.11929538749999999 0.23897445 0.1324249609375 0.231207271875 0.1562869984375 0.2265354859375 0.16729303281250002 0.22999053281249998 0.175844571875 0.226988884375 0.1745704484375 0.2201935609375 0.19057922968750002 0.20087319531249997 0.21662218906250003 0.1863757484375 0.2340849171875 0.1777017671875 0.2433921234375 0.1683008125 0.2488482671875 0.1666019828125 0.2528504625 0.1508017203125 0.26503687343750004 0.1528480859375 0.27010180781250004 0.1541230390625 0.27032661562500004 0.1645071359375 0.2661311703125 0.18870780468749998 0.24806390781249998 0.20320525156250002 0.2306011796875 0.21500331875 0.2167159375 0.2291985015625 0.1944015984375 0.2393914859375 0.1703884296875 0.24235765781250002 0.15806913125 0.24752081874999998 0.12878738750000002 0.2467129421875 0.100284959375 0.24435219375 0.0780280046875 0.2369887015625 0.0536475109375 0.22719940312500003 0.029418149999999997 0.21355904531249997 0.0059157624999999995 0.208905603125 0 0.2045333578125 0
0 0.44815669375 0.29964002500000003 0.43186926718749996 0.3160335046875 0.42690265624999996 0.3229184671875 0.415506015625 0.3313426734375 0.40953091875 0.33938776875 0.407665590625 0.34387664687499997 0.40688457031249997 0.34828970312499996 0.4081205234375 0.3503825 0.4027748015625 0.3518459203125 0.398816678125 0.357570753125 0.388276878125 0.3626662109375 0.38199849218750004 0.3663740703125 0.37138287187499996 0.37038521874999997 0.36547355625 0.3742307859375 0.37529551250000004 0.3759626625 0.3792763234375 0.374191696875 0.40958394374999996 0.3557282203125 0.43129291406250003 0.33895563125 0.44634439062500003 0.32046935625 0.4579154734375 0.2989576234375 0.46903162187499997 0.2709400375 0.47129885937499993 0.256616559375 0.47478507499999995 0.252606125 0.4764160125 0.24335662343750003 0.476614353125 0.22355654062500002 0.4771439984375 0.216221640625 0.472696809375 0.21543748125 0.467287709375 0.2460009375 0.46473998125 0.24073103749999997 0.46055439062500003 0.24320294374999998 0.466028959375 0.25916428593749996 0.4587951125 0.28037273125 0.4529716578125 0.29058644375 0.447853403125 0.2953027890625 0.44815669375 0.29964002500000003
0 0.28068502031250003 0.35610542343749996 0.2796773546875 0.3592066953125 0.27244105625000004 0.3568554796875 0.26714865312499997 0.3505470359375 0.2652226828125 0.3502074359375 0.262849353125 0.35477388906249996 0.262829415625 0.35488695937500003 0.26833212031250003 0.3589490859375 0.2772575390625 0.3618491296875 0.2978097875 0.3654730453125 0.297908128125 0.364915328125 0.2944597484375 0.3594382109375 0.28068502031250003 0.35610542343749996
1 0.19052334843750002 0.3902421484375 0.20155355625000002 0.391341178125 0.21815227187500003 0.4021986078125 0.2337319421875 0.40494572343749996 0.23379858125 0.404567796875 0.2109682796875 0.3828533328125 0.211146984375 0.3488093234375 0.221283375 0.34167873593750003 0.19102640312500002 0.3142423078125 0.178823825 0.300067696875 0.1750708796875 0.29940595000000003 0.17503060625 0.307078659375 0.1869811375 0.3311914890625 0.1684694859375 0.34712771875000004 0.15077213125 0.32694101249999996 0.145746975 0.3322243984375 0.1617692765625 0.35417223125 0.1578696578125 0.3632095921875 0.19052334843750002 0.3902421484375
1 0.24188546406250003 0.39535161093750004 0.2751191734375 0.37802263593749996 0.280407103125 0.363830328125 0.2806731171875 0.35621268906250003 0.2805922703125 0.35609071718749996 0.25645062812499997 0.35183389374999996 0.249920596875 0.3521274421875 0.23002589062499998 0.361221275 0.2113692140625 0.366007865625 0.2461685703125 0.3661354671875 0.23769201875 0.390854696875 0.23047141093749998 0.3948511796875 0.2365557953125 0.39592402031249996 0.24188546406250003 0.39535161093750004
1 0.5390625 0.3349079828125 0.543704478125 0.3417113984375 0.5648311015624999 0.3641616453125 0.572486053125 0.3655114203125 0.5664210421875 0.3456637765625 0.5774825734375 0.3538294609375 0.588467275 0.34004749218749997 0.5909376625 0.3260372234375 0.5731876671875 0.28614612500000003 0.5645556296875001 0.28105561875 0.5563638531249999 0.288679990625 0.554553946875 0.27666298125 0.5448881515624999 0.2712365859375 0.5399727984375 0.26299560781250003 0.5390625 0.262835096875 0.5390625 0.3349079828125
0 0.7594577859375 0.3305943734375 0.751949834375 0.33284544843749997 0.7456534953125 0.34228667968750004 0.7404561875000001 0.340697703125 0.7396484453125 0.33590426406249996 0.7253542078125 0.34176367343749997 0.713688409375 0.342743565625 0.71048395 0.338354 0.6948366046875 0.33966833125 0.6945962890625 0.34103123125 0.7255023875 0.3464808109375 0.742303390625 0.3458089359375 0.76595278125 0.3428096875 0.793905665625 0.333169796875 0.81258946875 0.3241059296875 0.8171649453125 0.3207657515625 0.8185024406250001 0.3131804359375 0.815999140625 0.30923566875 0.7971431859375 0.311427178125 0.7928396953125001 0.31806781875 0.7805383078125001 0.3211266359375 0.773520303125 0.329210609375 0.7656084812499999 0.329064965625 0.7599477312499999 0.336427271875 0.7594577859375 0.3305943734375
0 0.5390625 0.0867988390625 0.5426484140625 0.09464379218749999 0.5506214953125 0.11377570781249999 0.551687821875 0.1077282734375 0.5490523781250001 0.09813028124999999 0.5390625 0.0774270078125 0.5390625 0.0867988390625
0 0.5932177421875 0.03142725625 0.58421465625 0.038669565625 0.582955465625 0.0395512609375 0.5961782796875 0.03967535 0.604615121875 0.0356443703125 0.617711234375 0.030227496875 0.62331424375 0.023489385937500003 0.6317510859375 0.019458406249999997 0.6373540953125 0.012720296875 0.6292947468750001 0.014610389062500001 0.6126098109375 0.02160190625 0.5932177421875 0.03142725625
1 0.221947946875 0.989135834375 0.24470700625 0.9793911578125 0.2454392328125 0.9752384953125001 0.24480679374999997 0.966194196875 0.2409817109375 0.96551973125 0.220381675 0.97528840625 0.210873159375 0.9639675875 0.20176020625 0.9710083562499999 0.20168485781249998 0.9714356796875 0.20288109062499998 0.9743329468749999 0.20333602499999998 0.9808387984374999 0.22018808750000002 0.9888255234375001 0.221947946875 0.989135834375
0 0.5390625 0.8577499078124999 0.5331709859375 0.8514881671874999 0.51085234375 0.838981565625 0.47917854687499994 0.823614803125 0.4525564125 0.8177488437499999 0.43217105 0.813789659375 0.40947504375 0.813670521875 0.37895329218749996 0.81684191875 0.35538997499999997 0.82327735 0.3386990203125 0.8295406265625 0.32480865468750003 0.8377967515625 0.316513803125 0.842207203125 0.315939871875 0.84546213125 0.3174728546875 0.8469201875 0.3391889671875 0.835373525 0.3538009984375 0.82847465625 0.37424593125 0.8210858421875 0.400292040625 0.817682725 0.4308998703125 0.8179475046875 0.45711813125 0.8214167453125001 0.4789468265625 0.828090446875 0.4945387515625 0.8328573765625 0.5095811625 0.8431394109375001 0.524305778125 0.8544609062499999 0.5390625 0.8656719625000001 0.5390625 0.8577499078124999
0 0.24976494374999997 1 0.2517631703125 0.988667490625 0.251321015625 0.9786560062499999 0.25534938125 0.9683290703124999 0.255284725 0.9561766984375 0.2562284640625 0.9508244828125001 0.2567947078125 0.947613153125 0.261516021875 0.9396158515625 0.2635302046875 0.9344523828125 0.26611063125 0.9260775859375 0.27190238906249997 0.9182690328125 0.27826039062499996 0.90724915 0.287891765625 0.8901841031250001 0.286128375 0.8876657187500001 0.281595809375 0.894592578125 0.267620615625 0.917514040625 0.25811594375 0.9401200515625 0.2536480359375 0.9591992812499999 0.249746371875 0.9750671796875 0.24849424375 1 0.24976494374999997 1
1 0.9288424953125001 0.766815471875 0.9301761734374999 0.7592518078125 0.9272324234375 0.7535225203125 0.9324236140625001 0.7465059375 0.9355633718749999 0.728699484375 0.9354243140625 0.7286599375 0.9246267921874999 0.7429698828125 0.897763109375 0.73392858125 0.8929401921875 0.7425088109375 0.9122528843750001 0.7554298687500001 0.9087480718750001 0.7952430515625 0.9170285015624999 0.7967031140625 0.9288424953125001 0.766815471875