2 0.5595498390625 0.2641920953125 0.5773676015625 0.26783822968750004 0.5798930875 0.26720855625 0.610056940625 0.1995211234375 0.5508325578125 0.1966049953125 0.5595498390625 0.2641920953125
1 0.5966998859375 0.26875 0.5969812703125 0.2620069171875 0.5947345203125 0.2529956984375 0.5657568749999999 0.23252663906249998 0.5496113109375 0.24694142968750002 0.5424726390625001 0.26875 0.5966998859375 0.26875
1 0.603863303125 0.17588441875 0.6548893515625 0.1825982625 0.6735039656249999 0.203610396875 0.6774658062500001 0.20262259999999999 0.6762833796875001 0.18608984687500002 0.6737584015625 0.175962709375 0.6437048453124999 0.17262401249999998 0.61889423125 0.1721367875 0.603863303125 0.17588441875
0 0.6423846796875 0.228607334375 0.647205471875 0.2278810203125 0.6813592703125 0.219365521875 0.67999541875 0.2138954140625 0.6478160328125 0.22457879374999998 0.6423846796875 0.228607334375
1 0.39146864531250003 0.676190534375 0.38850774374999997 0.6651402953125001 0.385814478125 0.6569389515624999 0.347336490625 0.680816221875 0.3514598125 0.7078892609375 0.383087065625 0.7135805421875 0.38971167968750003 0.711928840625 0.396041353125 0.6945306625 0.39146864531250003 0.676190534375
0 0.528467715625 0.439990653125 0.5010803359375 0.44681909375 0.48102754687499993 0.45389666562500003 0.45021017187499995 0.47196955 0.43259874218750005 0.4846719734375 0.4210999078125 0.4968892796875 0.4132696828125 0.5071529734375 0.4034805890625 0.5220607703125 0.3976039765625 0.5359930734375 0.39050274218750003 0.5533474859374999 0.386582371875 0.5667920437499999 0.383883996875 0.58097085 0.38118561875 0.5951496578125 0.38068735781249996 0.6098188390624999 0.381167215625 0.624244146875 0.3821478390625 0.6349083625 0.3837278796875 0.6345144125 0.3850744390625 0.631581365625 0.38312871406250004 0.615443690625 0.38558321875 0.6002867640625 0.3833857328125 0.5956400328125 0.38730610312499997 0.582195475 0.3878017359375 0.5716826484374999 0.39098523125 0.5636164390625 0.3934344765625 0.5567722234375 0.39270285781250003 0.5538378609375 0.399557590625 0.539661684375 0.40420957812499997 0.5291514875 0.41253280624999994 0.5125313234375 0.4255001359375 0.4978700296875 0.43944558593750005 0.4829648640625 0.4590132578125 0.46977469374999997 0.47613431406249995 0.459272384375 0.5025462015625 0.4485314609375 0.5201523734375 0.44414175 0.5499811125 0.44293816093749994 0.5612281859375 0.4422118015625 0.5729630046875 0.4434416828125 0.6074305843750001 0.45250967499999994 0.6282071046875 0.46083553281250006 0.6502029874999999 0.47405199218750005 0.6648642828125 0.4870193203125 0.6724374875 0.49655928593750004 0.6795229453125 0.50414300625 0.680255596875 0.5039603359375 0.67842608125 0.49662254843750003 0.6758622234375 0.49362755156250004 0.6585130703125 0.4782136062499999 0.6465396375 0.46769289374999995 0.629431728125 0.45741342500000004 0.6074332140625 0.44835331875 0.5773658609375 0.4402660765625 0.549983740625 0.43878180625 0.528467715625 0.439990653125
1 0.4458414234375 0.4466714890625 0.4300808296875 0.44582060781250005 0.423742159375 0.447401015625 0.4301168640625 0.45136505937500004 0.415209053125 0.4578020453125 0.415251584375 0.45820671874999996 0.45507202031249994 0.466987275 0.47143120624999996 0.47254847812499995 0.486310396875 0.468838678125 0.48604377187500003 0.46776930468749994 0.4458414234375 0.4466714890625
0 0.7196165031249999 0.597467653125 0.7198831828125 0.5974011625 0.71970310625 0.578212609375 0.7117396874999999 0.546273078125 0.7046587453125001 0.5292024578125 0.7024981984374999 0.5285598046875 0.708102175 0.54292590625 0.7085098140625 0.55104295 0.7134711390625 0.5675696015625 0.7153966734375 0.5784898468749999 0.716154409375 0.5885923921874999 0.7196165031249999 0.597467653125
0 0.6976775046875 0.67717493125 0.698395503125 0.6800546656249999 0.6997618859375 0.6797139875 0.7010234 0.678578625 0.715136303125 0.6553931421875 0.723200821875 0.6372479796875 0.7278894359375 0.623963571875 0.726199890625 0.6171871796875 0.7242088843750001 0.62515120625 0.7232008203125 0.6291834625 0.7242088843750001 0.633215721875 0.7201766265625 0.6372479796875 0.7181604984375001 0.6453124953125 0.7141282390625 0.648336690625 0.7090879171875 0.6594253999999999 0.6976775046875 0.67717493125
0 0.6086478375000001 0.7684549578125 0.6120699468749999 0.7696795812499999 0.6287006265625 0.761377384375 0.6507122859375001 0.7496557125 0.6653893546874999 0.7376849078125 0.6749319484375 0.725955346875 0.6842280374999999 0.7174040203125001 0.6866746546875 0.7147161609375 0.6852087874999999 0.7130037921875 0.6764004421875 0.723511359375 0.666372734375 0.7291283234375 0.661967246875 0.7364602859375 0.65316153125 0.742811496875 0.6445996890625001 0.7501408281249999 0.6086478375000001 0.7684549578125
1 0.748091821875 0.636028715625 0.7566536640625 0.62869938125 0.7644838890625001 0.6184356875000001 0.75837655 0.6106080921875 0.7485900859375 0.6213595328125 0.7307479265625 0.6123020578125 0.7241449546875 0.6149872875 0.7268275562500001 0.625746615625 0.748091821875 0.636028715625