2 0.22478542343750002 0.204921134375 0.2385776875 0.2132165796875 0.24409178437499998 0.21224429531250003 0.27383596093749996 0.16165829375000001 0.2736751484375 0.1607462875 0.22308395625 0.14442918437500002 0.22478542343750002 0.204921134375
1 0.3339688203125 0.1337674546875 0.27038390625000003 0.14167472187500002 0.26489648906249996 0.14483591406250002 0.264987684375 0.14535310937499998 0.3069521671875 0.1489161765625 0.3343096734375 0.17888380312500002 0.33510019375 0.1787444125 0.3356741796875 0.14343902656250002 0.3339688203125 0.1337674546875
1 0.2612375328125 0.20718409218749997 0.23377577968750002 0.18467471875000002 0.2178136140625 0.20023830625 0.197266409375 0.2490597453125 0.19998751718750002 0.248579940625 0.22150283124999998 0.2319093953125 0.25711638125 0.232453315625 0.26386169375 0.222066446875 0.2612375328125 0.20718409218749997
0 0.3066415 0.1948686765625 0.325397421875 0.19156150156250001 0.3463827828125 0.1861743765625 0.344771971875 0.17703901718749998 0.3433677125 0.177286625 0.30768915625000004 0.192898321875 0.3066415 0.1948686765625
0 0.50213715 0.4296875 0.5216080953125 0.405619384375 0.5381872046875 0.3755005328125 0.5411326578125 0.33685944375 0.5351019390625 0.302657534375 0.5286131640625 0.2784411 0.5068434515625 0.2431918875 0.49212555468749997 0.2265943421875 0.47210283124999997 0.2093641015625 0.46039731250000004 0.20017586875 0.4513970453125 0.20874984218749998 0.4170692234375 0.19946087968749998 0.413006303125 0.19673954531249999 0.4004980609375 0.1989450859375 0.40122353750000006 0.2016525984375 0.4219477578125 0.2176678140625 0.43531302812500006 0.22538425625 0.47241489843749995 0.25652522968749997 0.4852850765625 0.277726109375 0.4942534140625 0.29586424375 0.49978307656250004 0.32416730625 0.49879288749999995 0.3511361796875 0.4908381140625 0.3789441484375 0.4727872125 0.40740324531249994 0.45357165312500003 0.4238496953125 0.44005921406250004 0.4296875 0.50213715 0.4296875
0 0.33741395937499996 0.4296875 0.3235873875 0.42170472343750004 0.302606403125 0.4047312484375 0.2852704921875 0.38986225625 0.269782303125 0.370389934375 0.2608827640625 0.3563416015625 0.25607303125 0.34222447031250003 0.2504242015625 0.32114275625 0.24453704531249998 0.3145037375 0.235963071875 0.3055034703125 0.2362702015625 0.295150578125 0.23308829375 0.3062737640625 0.2313781734375 0.31905670625 0.231902940625 0.33775594999999997 0.2369405984375 0.3663259296875 0.251217871875 0.39693251093750004 0.2668436625 0.42458444375 0.272992771875 0.4296875 0.33741395937499996 0.4296875
0 0.6296875 0.36509916875 0.6384136078125 0.36356052031249997 0.654774215625 0.3576991609375 0.6728261078125 0.3480861484375 0.6990665234375 0.32620716562499996 0.7118280218749999 0.3117785890625 0.7277224828125 0.2894118421875 0.7388065562499999 0.264154721875 0.7455550703125 0.24611317968750002 0.7484532046875 0.229031646875 0.7499665312499999 0.21677294218749998 0.7494940421875 0.214093328125 0.748223553125 0.211707525 0.74412799375 0.21988570156249998 0.7438802296875 0.23119425312500003 0.7388169046875 0.2477931921875 0.7313406234375 0.2752180921875 0.7258024671875 0.28171108125 0.7219469125 0.29085185468749997 0.7183339453124999 0.2968648390625 0.7139983875 0.3040804203125 0.704367265625 0.31466120000000003 0.69353354375 0.3245193890625 0.684865015625 0.3348601703125 0.6417804796875 0.35889399375000003 0.6296875 0.3619091125 0.6296875 0.36509916875
0 0.7486498171875 0.155317015625 0.746037715625 0.1405030546875 0.7415140375 0.132105159375 0.7306793859375 0.11363240156250001 0.7187388968749999 0.10172208593750001 0.7083272234375 0.09141915 0.7076482703125 0.0911495109375 0.7072037 0.0912279015625 0.708386659375 0.0979368 0.72403838125 0.11566275781249999 0.727174578125 0.11574132343750002 0.7294949875000001 0.123331040625 0.7365589734375 0.12947050468750002 0.7466564 0.152318228125 0.748364965625 0.15536724375 0.7486498171875 0.155317015625
1 0.7281386859375 0.0974087015625 0.7282543265625 0.0923514734375 0.73773871875 0.0775833390625 0.7513009625 0.0802287875 0.7485446421875 0.06459691875 0.7219935921875 0.0682712171875 0.7192325015625001 0.086890690625 0.7281386859375 0.0974087015625
2 0.487407321875 0.8398956234374999 0.4840271125 0.9146526625 0.5017142578125 0.9116263609375 0.508420771875 0.9104438218750002 0.5084964890625 0.910427728125 0.5142573265625 0.8466572218749999 0.5131068984375 0.8401328203125 0.487407321875 0.8398956234374999
1 0.594131509375 0.8549733875000001 0.5938542015625 0.8391715078124999 0.5918722062499999 0.8279310515624999 0.5703325125 0.8210322124999999 0.5174027265625 0.8137804062499999 0.5082483250000001 0.8488984125 0.50844195625 0.8499965546875 0.5764321234375 0.8698927125000001 0.5793965546875001 0.869370003125 0.5815057046875001 0.8688441328125001 0.594131509375 0.8549733875000001
1 0.2971510515625 0.8391250734375 0.303380028125 0.857653415625 0.30238430156249996 0.868804315625 0.302850659375 0.8714491593750001 0.3513318421875 0.8971580546875 0.3922707640625 0.9036696203125001 0.44227813281249995 0.9030673046875 0.4719828875 0.8978295546874999 0.48475572343750006 0.886301128125 0.48344348593750003 0.8788590625000001 0.4766567859375 0.866462509375 0.44283866562499996 0.869593865625 0.39772752968749997 0.8720829468750001 0.372375684375 0.8673293781249999 0.3325524875 0.8565237515625 0.31946404375 0.8522062 0.2962351046875 0.8339304875 0.2971510515625 0.8391250734375
0 0.4458282359375 0.528508403125 0.40877398125 0.5294631 0.37903629687499996 0.5316863734374999 0.3766858234375 0.5321008265625 0.3471860640625 0.5451802375 0.31790882656249997 0.5613929328125 0.28217788125 0.597214403125 0.257620025 0.6254703453125 0.24312942343750002 0.6527232046875 0.2374974828125 0.702165121875 0.24168512031249997 0.7315179625 0.2421966640625 0.7344190734375 0.26199472031250004 0.78907829375 0.284558371875 0.8153764546875 0.3156604609375 0.8390641578124999 0.353772165625 0.8585340171875 0.3787046140625 0.8654349 0.4157169234375 0.87125886875 0.47469498593750004 0.8608594453125 0.46988999218750005 0.858304584375 0.44313867343749996 0.848847609375 0.41978941093750005 0.8539114093750001 0.3857384234375 0.8477235593749999 0.372534975 0.8486480796875 0.3455178 0.824748890625 0.3217939421875 0.7946558671874999 0.306820009375 0.7660372921875 0.298408521875 0.73852455625 0.29648091875000004 0.7152538546875 0.29734509062500003 0.6807556937499999 0.3051946875 0.65553319375 0.3158904296875 0.6294405390625 0.3335172296875 0.6022662421875 0.367616603125 0.5814670921875 0.39768543125 0.571236734375 0.42941600781249994 0.5698348656250001 0.478700803125 0.5817391984375 0.50637664375 0.604399625 0.5301790625 0.6313564515625 0.5549060015625 0.6715167265625 0.566665175 0.703192934375 0.5695173015624999 0.7396670859375 0.5609304796875 0.7692645499999999 0.5398532390625 0.808905071875 0.55205360625 0.7979132984375 0.5645682187500001 0.7743767390625 0.5741581234375001 0.754846528125 0.5856696515625 0.7212427140625 0.5881204984374999 0.6986771109375 0.579010153125 0.6470097765625 0.573795759375 0.631507590625 0.565438640625 0.614352159375 0.55096625 0.5907672140625 0.5301429062499999 0.5701613390625 0.5117185328125 0.5540089921875 0.49466585625 0.5457364140625 0.47389687968749994 0.53548784375 0.4458282359375 0.528508403125
1 0.8198984953125 0.44574008281250005 0.8196164906250001 0.44414075156250005 0.79508835 0.44733775312499996 0.7605061078124999 0.45164575625000003 0.7459877718750001 0.47400203125000007 0.7410125671875 0.486008184375 0.7552678109375 0.4834946015625 0.775863428125 0.46663753906250005 0.8204401953125 0.45209131874999997 0.8198984953125 0.44574008281250005