2 0.210230690625 0 0.23199672031250002 0.03800635 0.233166734375 0.0379654921875 0.25256241562500004 0.0242375828125 0.2791283671875 0.029607234375000003 0.278999896875 0.0259283328125 0.272439721875 0 0.24714903124999998 0 0.2392030234375 0.005069514062500001 0.2269278109375 0 0.210230690625 0
1 0.19876276406249999 0 0.153628978125 0.0310921625 0.1505809484375 0.055476415625 0.1505882984375 0.055686921874999996 0.1821582109375 0.06007163125 0.1994906109375 0.0594663703125 0.2058830765625 0.058756096875 0.22647524687499998 0.0440474015625 0.226396409375 0.0417897765625 0.20015631875 0 0.19876276406249999 0
1 0.34411830625 0 0.3117980609375 0.021287507812500002 0.302691075 0.0326505796875 0.322798003125 0.03361411875 0.3136910171875 0.044977190625 0.295679284375 0.0717419109375 0.307464653125 0.0713303578125 0.3201931890625 0.050927471875 0.3577249140625 0.030380093749999997 0.37806912812500004 0.0176759578125 0.433050065625 0.00497746875 0.4328762484375 0 0.34411830625 0
0 0.4390625 0.079207675 0.43026957968749996 0.0695410515625 0.4140805046875 0.058347996874999995 0.3957042984375 0.045253696875 0.3744047484375 0.034418 0.3430272 0.026341210937499998 0.3182825234375 0.0249902515625 0.282366278125 0.0254475765625 0.2792999953125 0.0256619921875 0.3081115625 0.041107856250000005 0.32147025937499996 0.0412008171875 0.3455502015625 0.04773371875 0.3675144859375 0.0533874734375 0.39749109374999997 0.0708060546875 0.40395952656249995 0.08986848750000001 0.414301925 0.10557875000000001 0.42835385156249994 0.130273446875 0.4332569125 0.171014275 0.4303405765625 0.21743735000000003 0.4148732234375 0.2606297109375 0.38597570000000003 0.3027070125 0.3476864 0.3279804890625 0.3192821765625 0.33304798125 0.28132174062500004 0.33364824843749996 0.2570988546875 0.32507115781249996 0.2316394578125 0.313499253125 0.20758100468750001 0.2925855609375 0.187110625 0.264231315625 0.160479184375 0.206522225 0.154318125 0.177167378125 0.1536963671875 0.15358773750000002 0.1575203484375 0.13483267968749998 0.164267665625 0.11381902031249999 0.1762684 0.0944921875 0.1914783625 0.07699513125 0.20200668125000001 0.0659879984375 0.20851809375000002 0.0562888453125 0.192807828125 0.06663124375 0.174460115625 0.083320621875 0.1546399859375 0.1083297 0.1405021015625 0.141158171875 0.130288165625 0.1860373609375 0.1319819984375 0.22494841718749997 0.1406160765625 0.2602928875 0.1518161375 0.2882682828125 0.196630859375 0.341624596875 0.215007065625 0.354718896875 0.24243918125000002 0.3651257625 0.26666206875 0.373702853125 0.2988449015625 0.374941134375 0.3200484109375 0.374200690625 0.3413464234375 0.36950750781249997 0.368299725 0.35837891875 0.396489534375 0.3502451421875 0.4247508171875 0.3431334625 0.4390625 0.3327333609375 0.4390625 0.079207675
1 0.7787355125 0.19849 0.7784197953125 0.189449046875 0.7706852046874999 0.195236434375 0.741879478125 0.2162987078125 0.736486465625 0.2422353296875 0.7373694468750001 0.267520609375 0.7395154671874999 0.26744566875000003 0.7535678578125 0.22819722968749998 0.77752576875 0.20175091093750003 0.7787355125 0.19849
0 0 0.7321123328125 0.012855121875 0.7515130671875 0.036339128124999995 0.7732637375 0.054166621875 0.7854839953124999 0.06029330625 0.7889594953125 0.0702729859375 0.788610996875 0.07023904843749999 0.787639153125 0.0545956046875 0.77729850625 0.054810096875000006 0.7732057640625 0.0458695375 0.7676072281249999 0.023355095312499997 0.7469333671875 0.008056578125 0.72561168125 0 0.7124026999999999 0 0.7321123328125
0 0.311168778125 0.6390625 0.3111798421875 0.639162078125 0.3060568921875 0.6565801109375 0.302983121875 0.66477683125 0.295810990625 0.680145684375 0.2947864 0.6924407671874999 0.2947864 0.699612896875 0.2917126296875 0.708834209375 0.27327000625000003 0.7293260125 0.266097875 0.7395719140625 0.2564553953125 0.7476073140625 0.2566226875 0.752397925 0.25784178125 0.7523553546875 0.2660978734375 0.7477686343750001 0.2927372203125 0.716006340625 0.30195853125 0.6955145359375 0.3111798421875 0.681170275 0.3183519734375 0.651457159375 0.32000812500000003 0.642348328125 0.31989338125 0.6390625 0.311168778125 0.6390625
0 0.22053777968750002 0.7767710234375 0.2345807421875 0.7797463390624999 0.2409046046875 0.7795255046875 0.2410101421875 0.779503071875 0.241874571875 0.7777813359375 0.24179127031249997 0.7753958921875 0.23721205781250002 0.7763692343749999 0.2277662078125 0.7762820546875 0.2289185078125 0.771847203125 0.216616159375 0.768177265625 0.210602959375 0.7694554124999999 0.21035266562500002 0.7716745984375 0.21038968281249998 0.772734640625 0.22053777968750002 0.7767710234375
1 0.20886015468750002 0.8010979734375001 0.237514690625 0.7872449593749999 0.23748465312499997 0.7863847749999999 0.230473721875 0.7845801156250001 0.2277053125 0.7846767906250001 0.20303496718749997 0.7912343890625 0.1938361171875 0.791877634375 0.181406553125 0.8050719015624999 0.171185609375 0.80578661875 0.19664500625 0.817358521875 0.220138684375 0.82246388125 0.22145126406250001 0.8224180453125 0.20886015468750002 0.8010979734375001
1 0.1404603359375 0.8381127546875 0.118076115625 0.8429952875 0.135698084375 0.8485312031250001 0.1502481546875 0.854174390625 0.18792035 0.8467075609375 0.1907419453125 0.8394325265625 0.22428251875 0.8310847609375 0.22410373125 0.82596493125 0.18713368125000002 0.8241803093750001 0.173464546875 0.8144055 0.16707044531249998 0.8074522843749999 0.171904215625 0.7990817671875 0.166784384375 0.7992605546875 0.139173059375 0.801249978125 0.1104662546875 0.801227228125 0.1419003890625 0.8206338171875001 0.1404603359375 0.8381127546875
1 0.8357433750000001 0.8648499749999999 0.8420717812500002 0.8362152765624999 0.8518007328125 0.8058102765624999 0.8514413812499999 0.7955198265625001 0.84351525 0.7890950968749999 0.8218761750000001 0.8300268890625 0.7975385546875 0.8441413515624999 0.7893708765625 0.8536813234375 0.7897365046875 0.8641515390624999 0.8069124468750001 0.8610485562499999 0.8276680546874999 0.8651319718749999 0.8357433750000001 0.8648499749999999