0 0 0.312012175 0.0590765171875 0.3151082453125 0.065987265625 0.3141370015625 0.0953364859375 0.3069766859375 0.11888773281250001 0.2945601109375 0.134640409375 0.28425140781249997 0.1593394484375 0.2656024125 0.1749687640625 0.2472162359375 0.18748186718749998 0.2282561640625 0.1980265546875 0.202489771875 0.2008675484375 0.1902207375 0.20098466875 0.1879859265625 0.19872680781250002 0.18786759687500001 0.19691093906249998 0.194551753125 0.1940575453125 0.20304758125000003 0.1910647 0.21055115781249997 0.1879324015625 0.21706248125 0.18678460624999998 0.22329490000000002 0.18152835312499999 0.229092875 0.16475124531250002 0.253711471875 0.1576499359375 0.2607806046875 0.1461451734375 0.27251600468750004 0.1330903484375 0.2804218484375 0.11932217656249999 0.29045164843750004 0.11293421562499999 0.2953968234375 0.0908096671875 0.3035654828125 0.071382971875 0.30933128125 0.0406231421875 0.31365429218749996 0 0.30855547968749997 0 0.312012175
1 0 0.325177490625 0.0052669203125 0.328664715625 0.0025449890625 0.330921284375 0.023873260937499998 0.3320390515625 0.041351059375 0.3290370234375 0.063023178125 0.3126119046875 0.0632089984375 0.3090662421875 0.06072348749999999 0.30893598125 0.059052123437500006 0.3096870734375 0.044076814062500004 0.3129549375 0.022088546875 0.3163452140625 0.0060939 0.3186287125 0 0.3183768765625 0 0.325177490625
0 0.2162791765625 0.15436530312500002 0.2178394 0.154447071875 0.218145259375 0.15322033125 0.2220211515625 0.1335331203125 0.22298032812500002 0.1131186890625 0.2232096640625 0.0914896125 0.21906784687499997 0.0749667546875 0.215413453125 0.0606307859375 0.2115326875 0.055543960937500005 0.2115185296875 0.05554321875 0.20982503125 0.062335470312499995 0.21201453125 0.0659794125 0.216403984375 0.0897927640625 0.2190783 0.09149222500000001 0.2171390453125 0.09927014687499999 0.22006099375 0.10826010156250002 0.2169175453125 0.13329332656249998 0.2162791765625 0.15436530312500002
1 0.2465242125 0.065419459375 0.247394534375 0.0488127265625 0.2300115640625 0.042444203125 0.22555245156249998 0.0422105109375 0.2150746890625 0.05640406875 0.218020821875 0.0699657875 0.2180520484375 0.069967425 0.22053093437500002 0.065551896875 0.23599175468750003 0.056879020312499994 0.2465242125 0.065419459375
1 0.8146850078125001 0.054680946875000004 0.8024267171874999 0.0651759234375 0.8024082437500001 0.06552842656249999 0.8358982875000001 0.0913204359375 0.841333378125 0.091605278125 0.8531502234375001 0.0825351015625 0.853229475 0.081022878125 0.8146850078125001 0.054680946875000004
2 0.10789324062500001 0.9412721296874998 0.1144738734375 0.9519644234375001 0.15228808124999998 0.9459691484375 0.17082717187500002 0.9581861640625 0.17209500625000002 0.9582526078125 0.1734712140625 0.9417434296875001 0.17373934375 0.9366272062500001 0.1663536078125 0.9271711796875 0.1688872734375 0.909824584375 0.1581109234375 0.9092598203125 0.1522923359375 0.926904721875 0.1495002078125 0.9310645671875001 0.1525545390625 0.9319078749999999 0.13896523593750001 0.9406470953125 0.10789324062500001 0.9412721296874998
1 0.0851007890625 0.887347325 0.0955489453125 0.90409225625 0.10798160781249999 0.9205582828125 0.1184785171875 0.9335376671875 0.1279310328125 0.9340330515625 0.14706563749999998 0.9322668515625001 0.149009228125 0.9308228625 0.150622246875 0.9000446203125 0.14813833125 0.8967012999999999 0.1253487 0.8857382578124999 0.1076436953125 0.8821554265625 0.08687074375 0.8567430375 0.07684094375 0.8429748640625 0.0753094453125 0.8443389031249999 0.07433738281249999 0.86288698125 0.0851007890625 0.887347325
1 0.168363821875 0.96640225 0.1724116375 0.9787845671875001 0.184416365625 0.9775728687499999 0.1763342078125 0.9913323046875 0.189789425 0.9920374640624999 0.20557765625000002 0.9842185953125 0.2304140953125 0.971759190625 0.248237571875 0.959422203125 0.24500468125000002 0.9464505953125 0.2448472953125 0.937433934375 0.25056270468749997 0.9305255078125001 0.2505405765625 0.9292578046875001 0.2488364078125 0.9200290578124999 0.23915365156249999 0.91952160625 0.23259774218749998 0.9246197140625 0.2235810828125 0.9247771 0.2157411421875 0.9349355156249999 0.2115588625 0.9249869484375001 0.19960659375 0.9292042015625 0.179901828125 0.9485891265624999 0.1683494125 0.9655767703125001 0.168363821875 0.96640225
0 0.3990345859375 0.9211569671875001 0.392473925 0.9226192484375 0.38931741249999996 0.926995634375 0.38980745156249996 0.9333138890625001 0.3793552171875 0.9296751750000001 0.367451153125 0.9360012703125001 0.3601606578125 0.936248903125 0.3543272171875 0.9347944625 0.3488830125 0.9384683953125 0.348754946875 0.9409120109375 0.3554706078125 0.9412639625000001 0.37693115 0.9393975765625001 0.3944262453125 0.9354981625000001 0.41847677812499995 0.921873734375 0.443012121875 0.9063048234375 0.44451120624999996 0.9050852421875 0.44525267187499995 0.890937225 0.4383854875 0.891726446875 0.4284259046875 0.8985373546875 0.4250269859375 0.9038859828125 0.41725167656249995 0.9060780968749998 0.4106962421875 0.9158031125000001 0.4070523 0.9179926140625 0.40146649375 0.9238286671874999 0.3990345859375 0.9211569671875001
0 0.211301896875 0.667718871875 0.2102257296875 0.667662471875 0.18351505625 0.6863403171875 0.1757072234375 0.7039619593750001 0.1757779390625 0.704973246875 0.18384804375 0.7053961828124999 0.1930702953125 0.6937077578124999 0.200787215625 0.6891503328125 0.21127759687499997 0.6681825421875001 0.211301896875 0.667718871875
0 0.1556484546875 0.7444284999999999 0.1559268171875 0.7391170234375 0.145216853125 0.7524116359375 0.1307922359375 0.770885528125 0.1302715625 0.7808205734375 0.1304862453125 0.780831825 0.13428336875 0.773091228125 0.143359034375 0.7581294125 0.15214911874999998 0.74728908125 0.1556484546875 0.7444284999999999
1 0.8840839875000001 0.70535028125 0.8841179593749999 0.7053386203125 0.8848606406249999 0.6812186015625 0.9147222421875 0.6766434828125 0.9169743359375001 0.6650964765625 0.9170062281250001 0.6644879265625001 0.8791757578125001 0.6684726046874999 0.8636985828124999 0.6411891140625 0.8556193046875 0.6416125328125 0.8554434125 0.644968771875 0.8725908687499999 0.6768447359375 0.8697987390625 0.6810045812500001 0.87645245 0.7049503296875 0.8840839875000001 0.70535028125