1 0.11529809531249999 0.49623231562500003 0.1138522796875 0.481028096875 0.10717066875 0.4762081796875 0.11125955937500001 0.45176275156249995 0.10342037343749999 0.4510769109375 0.10330011718750001 0.45110055937500004 0.1002683109375 0.4682314140625 0.0750737640625 0.471951240625 0.0741967671875 0.4819753578125 0.09505835625 0.484457153125 0.1102582375 0.5221365984374999 0.1130106953125 0.5223774078125001 0.11529809531249999 0.49623231562500003
1 0.56875 0.2995755390625 0.5849804109375001 0.30099551562500004 0.603189221875 0.2993323359375 0.6087892125 0.2735624671875 0.56875 0.271756940625 0.56875 0.2995755390625
1 0.615810790625 0.5679235125 0.63116608125 0.56185475625 0.5983795453125 0.525102090625 0.581986278125 0.506725759375 0.5891454125 0.53382414375 0.615810790625 0.5679235125
0 0.56875 0.45583446250000004 0.5714512187499999 0.46980208437500004 0.5736843687500001 0.4805862765625 0.5788861609375 0.4937479546875 0.5843637640625 0.5037571171875 0.5899333015625 0.5127154421875 0.5956867124999999 0.519572090625 0.6042248921875 0.5309079015625 0.61102914375 0.5378564859375 0.6190681046875 0.5427953296875 0.62779015625 0.5520294640625 0.634778278125 0.5568763734375 0.6437761421875 0.56295799375 0.6618638031249999 0.57407039375 0.6751569546875 0.5794689203125001 0.6956221031250001 0.587612678125 0.711292740625 0.5900425625 0.735370084375 0.5932079406249999 0.75131653125 0.592485309375 0.7672629796875 0.5917626796875 0.77813910625 0.5884786906249999 0.7933105250000001 0.5845116109374999 0.8150627828125 0.5779436328124999 0.8327955593749999 0.5689062328125 0.849569434375 0.55872605625 0.8487944046875 0.55548160625 0.8435402140624999 0.5550219234375 0.8332552421875 0.563652040625 0.8279091140624999 0.564243196875 0.8220113671875 0.5711393828125 0.8033196890625 0.5790340078125 0.7903418828125 0.582134125 0.7805165921875 0.5855100484375 0.7655290484374999 0.5873754531250001 0.7504495656250001 0.5902916968749999 0.7324933796875 0.589779615625 0.710517709375 0.5867981125 0.7022948765625 0.58396094375 0.6846144984375 0.5802963484375 0.6702705078125 0.574805884375 0.64807143125 0.5622749 0.6291168046875 0.5489688875 0.6094790859375 0.531367584375 0.5915357593749999 0.5065023484375 0.5817233296875 0.485525121875 0.5749714796875 0.46587454062500006 0.56875 0.4314868515625 0.56875 0.45583446250000004
0 0.56875 0.401235009375 0.5727769140625 0.38203088749999997 0.574247896875 0.365217475 0.5820239093749999 0.3489556796875 0.5807496609375 0.3393142640625 0.578096365625 0.34543542031249996 0.5741164234375 0.3546171546875 0.569768734375 0.36800224375 0.56875 0.37338828749999997 0.56875 0.401235009375
0 0.9091904546875 0.48240833125 0.91230343125 0.47103298281250006 0.9027934875 0.4829075515625 0.9035685171875001 0.48615200156249994 0.90119103125 0.48912064375000003 0.8887519843749999 0.5102688843750001 0.8802928796874999 0.5222353875 0.8727007390624999 0.5363955046875 0.8749862890625 0.5344777015625 0.8796493234374999 0.52959125625 0.88449623125 0.5226031328125 0.8918125609375 0.51159553125 0.9015983140625 0.49656844843750003 0.9091904546875 0.48240833125
0 0.9184503124999999 0.4249799703125 0.9177148203125001 0.4333866765625 0.9184898499999999 0.43663112968749995 0.916020428125 0.440650609375 0.9165196468750001 0.44704757500000003 0.9121719593750001 0.46043266406249994 0.9091509171875 0.47075717343749995 0.91239536875 0.46998214374999997 0.9149567265625 0.46491182656249996 0.91898906875 0.4430280953125 0.9200923062499999 0.43041803593749994 0.9217471625 0.4115029453125 0.92102453125 0.3955564984375 0.9189752546874999 0.3826706296875 0.9169259765625 0.3697847609375 0.9126830859374999 0.3577658578125 0.9119475953125 0.3661725640625 0.9149162359374999 0.36855004999999996 0.9155073937499999 0.373896178125 0.9159146765624999 0.38134398125 0.9170050515625 0.39308707656249997 0.91883091875 0.3964234640625 0.9171365265624999 0.403687396875 0.91896239375 0.4070237828125 0.9177672203125 0.42068468125 0.9184503124999999 0.4249799703125
0 0.84323486875 0.26803827187499996 0.8439179625 0.27233356249999996 0.85675143125 0.28298628125 0.862780653125 0.2866904140625 0.8762972156250001 0.30163842343749997 0.881275596875 0.30525061875000004 0.8840603671875 0.30972978125 0.8878040374999999 0.31535171875 0.8923227375 0.3242181078125 0.8970725640625 0.3280220859375 0.8963422171875 0.3266875296875 0.88721288125 0.310005590625 0.8833772734374999 0.30543449218749996 0.8795416656249999 0.30086339375 0.87091155 0.290578421875 0.862964525 0.2845887375 0.8522327328125 0.2741198921875 0.84323486875 0.26803827187499996
1 0.9547571078124999 0.45780509062499997 0.95836930625 0.452826709375 0.9575152015625001 0.4262799421875 0.9483334671874999 0.4223 0.94809719375 0.437103671875 0.9233762953125 0.4412941640625 0.9219972484374999 0.45705673906250005 0.9547571078124999 0.45780509062499997
1 0.2323474375 0.76452239375 0.24870048906250003 0.773551715625 0.25109002812500003 0.7737607734375 0.2514356921875 0.7653024703125 0.2334954265625 0.750695553125 0.2559098203125 0.7385539046874999 0.2542903421875 0.7362379328124999 0.23811797656250003 0.734823034375 0.2081944359375 0.73757018125 0.207545259375 0.744990290625 0.21267051874999998 0.7553240546875 0.2183734296875 0.7612698359375 0.22400275781249998 0.7661633390625 0.2323474375 0.76452239375
1 0.1795265421875 0.6951185984375 0.1664044015625 0.7119715484375 0.1350107265625 0.719813775 0.1831130171875 0.7388465234374999 0.206822615625 0.746215253125 0.196642440625 0.729441378125 0.229086953125 0.7216910875 0.25576519375 0.731437303125 0.2626218421875 0.7256838921875 0.266050165625 0.7228071859374999 0.21982614374999998 0.6944088296875 0.195617325 0.6806431328125 0.185883971875 0.6829682218750001 0.1506151515625 0.674588190625 0.14786991875 0.6817601859375 0.1795265421875 0.6951185984375
0 0.24180276250000002 0.7821009515624999 0.23819056718749998 0.7870793328125 0.24595371875 0.79517069375 0.255043515625 0.800201475 0.254544296875 0.7938045078125 0.24696501875000001 0.783611471875 0.241119671875 0.7778056609374999 0.2322137453125 0.7706732031250001 0.228693484375 0.7746007484375 0.23796715625 0.7775298515625 0.24180276250000002 0.7821009515624999
0 0.2610417765625 1 0.2631634578125 0.9978638703125 0.2741443859375 0.9691758890625 0.28553259375 0.9479357125 0.28993268125 0.9218486296874999 0.290812509375 0.8996890890625 0.28639860625 0.8654187078125 0.2801064375 0.8405139359374999 0.27403768125 0.82515864375 0.26942704375000004 0.8173430953124999 0.264080915625 0.8179342515625001 0.2676407140625 0.825657865625 0.27649424218749996 0.8454923187500001 0.2786354546875 0.8573273484375001 0.2801855125 0.8638162515625 0.2826025375 0.8724987671875001 0.2813154265625 0.8872105031249999 0.27751935625 0.8942905624999999 0.27879360468750003 0.903931978125 0.277322621875 0.9207453921875001 0.2769548765625 0.9249487453124999 0.2773621609375 0.9323965484375 0.273605628125 0.951127765625 0.27036117656249997 0.9519027953125001 0.2720031703125 0.9573408593749999 0.2638594109375 0.97780600625 0.25873669375 0.98794664375 0.24539114374999998 0.9952501140625 0.24721701093749998 0.9985865 0.2464347046875 1 0.2610417765625 1
0 0 0.76794570625 0.001660015625 0.7674444734375 0.0087924734375 0.7585385484375 0.0277599609375 0.7474914078125 0.056368867187500005 0.7351700187500001 0.0736419609375 0.7313868109375 0.0842422796875 0.7312553359375 0.0877625421875 0.7273277921875 0.10389286093750001 0.7245034859375 0.1075050578125 0.7195251046875 0.10225086718750001 0.719065421875 0.090691646875 0.7180541218750001 0.074561325 0.720878428125 0.046320165625 0.7289964640625 0.017435449999999998 0.7444703671874999 0 0.7554942828125 0 0.76794570625
0 0.8368461390625 0.61875 0.835483040625 0.620885290625 0.8216649453125001 0.6577961046875 0.815741475 0.7133985968750001 0.825133759375 0.751281175 0.8390971437499999 0.7853281453125 0.8638842562499999 0.828793121875 0.8774927546875 0.8426902921874999 0.9051694343750001 0.8652304390625 0.9500796703125 0.8723362218750002 0.9816048203125 0.875094315625 1 0.876703684375 1 0.834348415625 0.9768755718750001 0.8323252906249999 0.9383227625 0.8130691328124999 0.91868504375 0.7954678296875001 0.8949883078124999 0.7637459453125001 0.88486053125 0.7342700750000001 0.8758883921875 0.6794821484375 0.8801570046875 0.6427947453125 0.8910085953125 0.61875 0.8368461390625 0.61875