2 0.36046743124999997 0.40879014218750004 0.34824282968750003 0.41241998124999996 0.353784771875 0.4672158390625 0.3847334546875 0.46007077343749997 0.4107023328125 0.44740490624999996 0.4115155078125 0.44699338437499997 0.40951281875 0.43831878125 0.36046743124999997 0.40879014218750004
1 0.44887257187499996 0.41726611093750005 0.391183671875 0.4161361390625 0.39133020625000003 0.4203324015625 0.45368376718750003 0.43132353749999996 0.47842611562500004 0.425611315625 0.4830074640625 0.40936129687499995 0.48119851718750006 0.401525884375 0.44887257187499996 0.41726611093750005
1 0.326999409375 0.44530538750000004 0.3576231484375 0.40110072968750005 0.356877359375 0.39787035937500004 0.3224318 0.41000654374999995 0.29331078593750004 0.40434315156249995 0.2850274203125 0.41201401249999997 0.2796575125 0.43847604687499997 0.2797618046875 0.43892778593750004 0.300141840625 0.45394268281250005 0.318974409375 0.4495948421875 0.326999409375 0.44530538750000004
0 0.19746220625 0.2211629328125 0.21341256875 0.2902515421875 0.2201000265625 0.28857967812499996 0.2337268609375 0.29906185625 0.24630547812499998 0.315833346875 0.2494501328125 0.325267309375 0.2567876578125 0.3305083984375 0.25888409375 0.324219090625 0.248401915625 0.2948689859375 0.24106438749999998 0.2760010609375 0.23582329687499998 0.2518920453125 0.2337268609375 0.22568659531250002 0.23582329687499998 0.1994811453125 0.257835878125 0.1491666796875 0.27670380156249996 0.12925053749999998 0.2987163796875 0.115623703125 0.3280664828125 0.1040933046875 0.36265767968749996 0.1040933046875 0.393056003125 0.11038261093749999 0.41297214687499995 0.1240094453125 0.43498472499999996 0.141829153125 0.44965977500000004 0.1606970765625 0.4601419546875 0.18270965625 0.4706241359375 0.2047222359375 0.47586522656249997 0.231975903125 0.4800580984375 0.259229571875 0.4769134453125 0.28229037031250004 0.46852769843750003 0.2990618578125 0.46433482968749995 0.3137369109375 0.46479457343749997 0.31971359375 0.48915331718750005 0.3140899359375 0.5052153328125 0.28857967812499996 0.509408203125 0.26447066406249997 0.5125528578125 0.21625263281249998 0.5075611953125 0.182309328125 0.506801425 0.1790183984375 0.498926021875 0.15440776875 0.4769134453125 0.116671921875 0.45909373750000004 0.09990043125 0.4224061078125 0.0768396359375 0.39724887343750004 0.0684538921875 0.359513025 0.0621645828125 0.333697059375 0.061331810937499995 0.29084851718750004 0.071224175 0.2704144921875 0.08103250625 0.248401915625 0.09675577656249999 0.22953398906250003 0.11772013750000002 0.2169553734375 0.13763628125 0.2064731921875 0.1606970765625 0.19808744843749998 0.1910954 0.1970392328125 0.21101154218749998 0.19746220625 0.2211629328125
0 0.40083048125 0.3763301796875 0.43884031874999996 0.37702081249999997 0.4401899359375 0.376709228125 0.440012653125 0.375941325 0.43234534062499996 0.37396642343750003 0.40206216406250006 0.36947571562500003 0.399717309375 0.37001706875 0.40083048125 0.3763301796875
2 0.9765468406250001 0.09646100468749999 0.9923131328125001 0.028275029687499998 0.9920253296875 0.027028418749999998 0.9315906359374999 0.0357168578125 0.953502475 0.101781215625 0.9765468406250001 0.09646100468749999
1 0.9375964109374999 0.068570615625 0.9358960484375001 0.06896317656249999 0.9114694734375 0.09938325625 0.9173292703125 0.117009196875 0.932068546875 0.118592203125 0.9494384124999999 0.10539935 0.9740078703125 0.11629037499999999 0.9817014546875 0.1145141703125 0.9568679078125001 0.077869625 0.9375964109374999 0.068570615625
2 0.37040958281249997 0.8063479703125 0.3825938109375 0.8035350203125 0.387099190625 0.7983824625 0.4247221109375 0.790410334375 0.42902665781250005 0.7883108671875 0.4266810109375 0.7781507546875 0.39052378593750003 0.7838834312499999 0.3873303421875 0.7749447359375 0.3770362328125 0.772968009375 0.36350245000000003 0.7667401328125 0.36069916874999997 0.7657748874999999 0.3647422859375 0.7836291671875 0.3674299921875 0.7963132765625 0.37040958281249997 0.8063479703125
1 0.35405307656249996 0.777996865625 0.3778414390625 0.73835845 0.3825041640625 0.7257189171875 0.3785240984375 0.7084793609375 0.357388696875 0.723339821875 0.3125024140625 0.7595195671875 0.302099784375 0.7619805453125 0.2999620953125 0.7710553515624999 0.304982178125 0.7927997203125 0.329389046875 0.8023787703125 0.331381465625 0.80230919375 0.35405307656249996 0.777996865625
1 0.447341465625 0.8015391828125 0.4384568390625 0.8130884265624999 0.4551228171875 0.80924078125 0.49062698281249995 0.7826778421875 0.5052365265625001 0.7680874156249999 0.502666440625 0.75303608125 0.49746595156250006 0.7305102921875 0.47636093749999997 0.73538276875 0.4729715375 0.7366838375 0.468147953125 0.7475177875 0.46085274218750005 0.7402130140625001 0.4510667828125 0.7439694921875001 0.42628607656249995 0.775937784375 0.42950900000000003 0.7960336953125 0.43620126406250004 0.8046927109374999 0.447341465625 0.8015391828125
0 0.61875 0.655402371875 0.6183964921875 0.6558737156250001 0.6142036203125001 0.647487971875 0.60896253125 0.6370057921875001 0.6068660953125 0.63071648125 0.6005767843750001 0.6212825203125 0.5974321328125 0.6128967765625 0.5957008828125 0.6100113609375 0.5805178578125 0.6135166375 0.58066064375 0.6139449953125 0.5921910421875001 0.6349093546875 0.6058178765625 0.6527290625 0.61875 0.66742465625 0.61875 0.655402371875
0 0.3091502171875 0.588641153125 0.309624440625 0.6186538031250001 0.3140264359375 0.6423807046875 0.3194484703125 0.6518868328125 0.31575386875 0.6312239890625 0.31402380937499996 0.614410759375 0.31260770781249997 0.5942976718749999 0.3145709375 0.5841623109375 0.309778134375 0.5820414453125 0.3091502171875 0.588641153125