2 0.3422461375 0.5436322703124999 0.3253167421875 0.499466628125 0.3151274171875 0.4963408171875 0.302330828125 0.495885846875 0.30762347968750003 0.5307438609374999 0.271803959375 0.542388553125 0.2719248390625 0.5493137578125 0.2738206265625 0.558232734375 0.27694659375 0.5581781703125 0.342451978125 0.5554248171875 0.3422461375 0.5436322703124999
1 0.253581725 0.588278028125 0.2595538765625 0.5881737828125 0.2596612125 0.586125684375 0.26857717812500004 0.5544578125 0.22700055468749997 0.5170338875 0.223519971875 0.5241077984375 0.21546645937500003 0.5195392609375 0.1979807609375 0.5126743828125 0.192518403125 0.5127697296875 0.19181995000000002 0.5260970046875 0.1919542546875 0.5337912499999999 0.19278631562499998 0.5567054875 0.253581725 0.588278028125
1 0.314843071875 0.5157031703125 0.31217665625 0.5275796046875 0.3122090140625 0.529433378125 0.344142540625 0.5288759765625 0.36809258125 0.47370394375 0.37241971406249996 0.43249677656249996 0.3688502296875 0.40342566093750004 0.3590083046875 0.403597453125 0.3526088484375 0.44953083749999995 0.3385661765625 0.47107150625000005 0.328993690625 0.503535984375 0.314843071875 0.5157031703125
0 0 0.4820340890625 0.0170672703125 0.5030898359375 0.041765190625 0.51941796875 0.0673343546875 0.5325905875 0.0810339015625 0.53659403125 0.087297821875 0.5364846937500001 0.0872833375 0.5356549015625001 0.08474604531249999 0.528568225 0.076475821875 0.52900165 0.0713069328125 0.529272540625 0.06281999687499999 0.525570853125 0.05602136875 0.5145243625 0.0521571484375 0.5199099656249999 0.046825725 0.5170795218750001 0.0429658984375 0.5027691640625 0.0388307859375 0.5029858765624999 0.0338786078125 0.5073918765625 0.030452206250000002 0.50135174375 0.027134160937500002 0.49737916562500006 0.022457267187499998 0.4872580984375 0.0146790421875 0.4772995640625 0.0047790828125 0.4664156078125 0 0.4649036265625 0 0.4820340890625
0 0.3211313734375 0.3243613703125 0.32108709375 0.321824578125 0.316299290625 0.3158136046875 0.315482225 0.3200028921875 0.303122275 0.361078725 0.3017110703125 0.3756526140625 0.3018375859375 0.38290068593750004 0.30400142343750003 0.38580474531250003 0.3057101640625 0.38577491875000003 0.30791191875 0.35357138906249996 0.3211313734375 0.3243613703125
0 0.267547809375 0.27671125 0.27372215 0.2626148578125 0.2823997171875 0.2541271015625 0.28239829375 0.2540455765625 0.2587592171875 0.268832621875 0.24432347812500002 0.2823513203125 0.2438403328125 0.2832914765625 0.2439295171875 0.288400809375 0.2445929359375 0.2883892296875 0.24963127499999999 0.28064702812500003 0.2523682421875 0.28602703749999997 0.267547809375 0.27671125
1 0.77727844375 0.61875 0.792658578125 0.6049016625 0.8152991421875001 0.5780956640625 0.8152789015625 0.5769360671875 0.7861264453125 0.591083303125 0.7708364875 0.586135521875 0.7411819953125001 0.578361690625 0.7340041234375001 0.5966446265625 0.7297224890624999 0.599518503125 0.7297230375 0.59954996875 0.74506863125 0.61875 0.77727844375 0.61875
0 0.90481181875 0.60263295625 0.9078984218749999 0.6008820125 0.9078788031249999 0.5997580375 0.9059321656249999 0.5947997109375 0.9045745406249999 0.5948234078125 0.8579326390625 0.6032786609375 0.8579336812499999 0.603338365625 0.869800075 0.6032440890624999 0.90481181875 0.60263295625
0 1 0.316619321875 0.9914883171875001 0.31001339375 0.9657566187499999 0.293739440625 0.9361606984375002 0.2828510890625 0.9079778031250001 0.27914500468750003 0.8842009093750001 0.2803911 0.8544922375 0.28713115 0.8239665 0.29806049375 0.799860140625 0.3127998796875 0.7810852078125 0.330369709375 0.75697445625 0.3648050546875 0.7466132671875 0.40331092812499997 0.7475545734375 0.4572383484375 0.7525962578125001 0.4790624140625 0.7725543140625 0.5236276171875 0.7914288125000001 0.5475172640625 0.79937396875 0.5408811734375 0.8272274 0.5580805484375 0.835630065625 0.566334815625 0.8425999624999999 0.56621315625 0.8384364234374999 0.5543832546874999 0.8261980187500001 0.538438765625 0.8073235203125 0.51454911875 0.797915559375 0.49327320625000004 0.787527996875 0.47308525 0.7839434578125 0.4442478203125 0.7859612281249999 0.4234097296875 0.7910261609375 0.40137532187499997 0.8049616671875001 0.370583090625 0.8186218890625 0.354317928125 0.8385931328125 0.33979525312500003 0.8648212265625 0.32598129062500003 0.9061181671874999 0.3227803921875 0.9291321734375 0.326757365625 0.9546471593749999 0.3388962078125 0.9783113015625 0.3552785203125 1 0.38182053125 1 0.316619321875
1 0.304734834375 0.69880991875 0.3157159 0.704706890625 0.3224685421875 0.7045890234375001 0.35514660781249996 0.666591971875 0.35510997187500004 0.6644931093750001 0.344944490625 0.648988471875 0.293419028125 0.6241973203125 0.29254861718749997 0.6243823328125 0.29190780312500003 0.62481134375 0.292185853125 0.640740815625 0.295352821875 0.644712975 0.294491903125 0.6406626765625 0.3313260421875 0.6645830453125 0.304734834375 0.69880991875
1 0.6764284828125 0.61875 0.668086259375 0.630731628125 0.6697127890625 0.6356382546875 0.6751354125 0.6355436015625 0.685882153125 0.6248323484375 0.6941979843749999 0.6241230875 0.6976873078125 0.61875 0.6764284828125 0.61875
0 0.7030261062500001 0.653587953125 0.7085596734374999 0.6552757734375 0.710813959375 0.655236425 0.7107276109375 0.6502894687499999 0.7016383609375 0.64228566875 0.694842684375 0.6379052171875 0.6848384078125 0.6328757640625 0.6838860515625 0.634533978125 0.6839382859375001 0.6375265578125 0.6917602421875 0.6382836953125001 0.6963747984374999 0.6418889828125 0.6939231515625 0.647404859375 0.7030261062500001 0.653587953125
0 0.7574469859375 0.797853465625 0.7581600921874999 0.7719006593750001 0.7559885749999999 0.7502455 0.747018434375 0.7175438515625 0.7375021140625 0.69420038125 0.7295071765625 0.6801067359374999 0.723959040625 0.6731411796875 0.7188443296875 0.6744458484375 0.7233586875 0.68146558125 0.734671671875 0.69953180625 0.7383689625000001 0.7107408312500001 0.7407615875 0.716835140625 0.7442963453125 0.72494283125 0.7450548375 0.7394157234375001 0.74233275 0.7468147015625 0.7448879078124999 0.7560103484375 0.74575475625 0.772550796875 0.7459714671875 0.7766859078125 0.747384490625 0.7838681750000001 0.7462921390625 0.8025845359374999 0.7432449828125 0.8037808484375001 0.7455834296875 0.8088413828125001 0.7404643234374999 0.8298420109375 0.7368709890625 0.8403965015624999 0.724899078125 0.8493168624999999 0.72712916875 0.8523098390625 0.7234816578125 0.861830553125 0.7160241046875 0.8777706468750001 0.7086393984375 0.8887727312500001 0.7086542375 0.889622809375 0.7183083734375 0.881797403125 0.7425274828124999 0.8494296140625 0.749280721875 0.82005040625 0.7574469859375 0.797853465625
0 0.509375 0.660511559375 0.52331211875 0.6690550890625 0.5378889703125 0.6900601125 0.5487099578125 0.7185182953125 0.5519694281249999 0.7411530531249999 0.5546827249999999 0.77314599375 0.5516897468749999 0.7753760828124999 0.5509268578125 0.7805991515625 0.5540823703125 0.781470396875 0.5553328609375 0.78555133125 0.5535361953125 0.7908285734375 0.5585102046875 0.8126059609375 0.559345246875 0.812591384375 0.563165265625 0.796543640625 0.563245303125 0.7958370265625 0.5623241812499999 0.7430659796875 0.560894184375 0.73342900625 0.5535537781250001 0.7120447375000001 0.5476263953125 0.697842734375 0.5407194140625 0.6847286890625 0.5304943875 0.6676420671875001 0.509375 0.6439046828125 0.509375 0.660511559375