0 0.0296652078125 0.12268100312500001 0.0416943625 0.109321271875 0.052665646875000006 0.0960169828125 0.07009503593750001 0.0844957890625 0.0895292828125 0.0707479734375 0.116590384375 0.0608435546875 0.13646815625 0.0555587015625 0.15957498125 0.051165396875000005 0.1722694234375 0.050500109375000005 0.1957643328125 0.053511896875 0.21608563125 0.05669000625 0.232286328125 0.062205618750000004 0.24971121875 0.0708394 0.261680434375 0.076576775 0.27487384375 0.0854323203125 0.2870093796875 0.09434330468749999 0.306101990625 0.11455821875000001 0.32346694062500003 0.14228910781249998 0.331759084375 0.158826946875 0.3382126875 0.18076502187500001 0.339447428125 0.184213659375 0.34082348281249997 0.1730065890625 0.3360460046875 0.15966305625 0.3252500390625 0.1358310046875 0.303542725 0.10620613906250001 0.292298734375 0.094066103125 0.2768232609375 0.082147828125 0.23540450000000002 0.060981426562499996 0.22454859218749998 0.05624648125 0.20634303437499998 0.052957490625000006 0.1806215046875 0.04794084375 0.1615798421875 0.048938775000000004 0.14042243593749998 0.050047587500000004 0.1205446625 0.055332440625 0.0955993 0.065125978125 0.06981783281250001 0.0792064375 0.05650904375 0.0883901265625 0.0434220171875 0.10180530000000002 0.0324507328125 0.11510958906249999 0.021479446875 0.1284138796875 0.0136817734375 0.141551846875 0.0105090953125 0.147847725 0.0100922015625 0.151243046875 0.012401334375 0.1515265734375 0.0141807390625 0.1510726796875 0.0190265640625 0.142332515625 0.0238723890625 0.1335923484375 0.0296652078125 0.12268100312500001
1 0.0924963328125 0.070055425 0.097147303125 0.0660643359375 0.164355109375 0.0396908828125 0.14540114375 0.033003140624999996 0.1500381609375 0.02674518125 0.14774685 0.02646384375 0.11570766875 0.0346038046875 0.0909785671875 0.0694263234375 0.0909250125 0.069862490625 0.0924963328125 0.070055425
0 0.3509173734375 0.2212014984375 0.3505242171875 0.23722712656249997 0.3492504953125 0.2520407609375 0.350131059375 0.2532527578125 0.348421921875 0.2572721609375 0.3476453421875 0.26894695625 0.345221353125 0.2707080859375 0.341803078125 0.2787468984375 0.334469384375 0.2979633609375 0.335899084375 0.302479909375 0.3307196765625 0.3080947328125 0.328513396875 0.315252978125 0.32366541875 0.318775240625 0.31539916562500003 0.3303363125 0.3112660390625 0.33611684999999997 0.3052060640625 0.340519678125 0.2953963890625 0.3550538765625 0.29171458125 0.357728865625 0.29137189375 0.36051983593750003 0.2920583953125 0.360604128125 0.30492663124999997 0.34905563281249996 0.3220082734375 0.329238040625 0.334739084375 0.3098038703125 0.3415756359375 0.2937262484375 0.3519441859375 0.2621201390625 0.35332751406249996 0.2533861484375 0.355583459375 0.23501294062500003 0.35554764375 0.212282121875 0.3532991046875 0.1926205078125 0.351059846875 0.1883859078125 0.3503302640625 0.1882963265625 0.349611128125 0.188818809375 0.35230481875 0.1988981859375 0.35191166093750004 0.2149238171875 0.3509173734375 0.2212014984375
0 0.25915600625 0.3948193484375 0.27370349374999997 0.3890274375 0.27376605781249996 0.388517896875 0.261663478125 0.391243125 0.2526128984375 0.391172996875 0.2467589140625 0.3945993 0.2424234375 0.3940697546875 0.2359601171875 0.39612746875 0.22455198593749998 0.396287046875 0.2084287515625 0.396906040625 0.2011263875 0.39523761562500004 0.1930647703125 0.39554711249999996 0.18181385625 0.3937842125 0.181569465625 0.3957746140625 0.1851789328125 0.3962822375 0.2083370921875 0.3991257015625 0.23816774999999998 0.3992442765625 0.25915600625 0.3948193484375
1 0.3636006765625 0.31586445625000004 0.38430296249999996 0.3081355265625 0.38654136562499997 0.303408734375 0.3870171203125 0.2995340140625 0.377012890625 0.30002355 0.366930734375 0.30327415 0.3539719609375 0.289494453125 0.3497199828125 0.288972375 0.3450037 0.295535959375 0.3449738640625 0.2957789484375 0.361902996875 0.31565600625 0.3636006765625 0.31586445625000004
1 0.9113492078125001 0.41875 0.91856201875 0.405399240625 0.8983268828125001 0.3851577421875 0.89263484375 0.3944808390625 0.8897589296875001 0.4179032796875 0.8898479234375 0.41875 0.9113492078125001 0.41875
1 0.56875 0.8547843109375 0.5577557984375 0.8565610093749999 0.5430097140625 0.837872903125 0.5311300671875 0.8378710343750001 0.5299577390625 0.8474188796875 0.541342415625 0.862546753125 0.5366822390625 0.879013915625 0.549834084375 0.8832776921875001 0.557318696875 0.8841966875 0.56875 0.866013996875 0.56875 0.8547843109375
1 0.618081190625 0.7464607140625 0.6449113421875 0.74975504375 0.69065546875 0.723283575 0.7155001859375 0.696173675 0.70840396875 0.68946341875 0.6845589953125 0.7058166671875 0.6507926125 0.6987140859375 0.6526244218749999 0.685739671875 0.6449175984375 0.6833542203125 0.6117016828125 0.7017575515625 0.5975299203125 0.7094138453125 0.5968872890625 0.7146476515625 0.5983919 0.717003509375 0.6294975953125 0.7190599515625 0.6348727390625 0.7397981437500001 0.618081190625 0.7464607140625
1 0.61087073125 0.6905094140625 0.6169025687499999 0.69594050625 0.6309594374999999 0.6976664734375 0.628655328125 0.696443225 0.66167315 0.6852617625 0.661708128125 0.6849768859375001 0.6466990640625 0.6764036296875 0.6468614234375 0.6602631390625 0.643333471875 0.6598299609375 0.6299994 0.661367184375 0.6178593609374999 0.6726111749999999 0.6111912 0.687899409375 0.61087073125 0.6905094140625
0 0.9270084859375001 0.5503795234375 0.933252525 0.5568454125 0.933086134375 0.566377859375 0.9238733390625 0.608596384375 0.9117418921875 0.6359311984375 0.89110018125 0.66523643125 0.8793384890624999 0.67138803125 0.8760870531249999 0.675569209375 0.8738393203125 0.6829463609374999 0.8728171343750001 0.68080955 0.8631737609375 0.6869981265625 0.83424364375 0.7055638484375001 0.7959104937499999 0.716549059375 0.7863965359374999 0.715323509375 0.7863225843749999 0.7195601515625001 0.775694003125 0.721493596875 0.775504659375 0.72153221875 0.7754829921875 0.7217086703125 0.8047186421875001 0.7252983578125 0.8052950390625 0.725188734375 0.8415468421875 0.712048228125 0.8651072046875001 0.69762670625 0.8919559781249999 0.6769056875 0.9070800296874999 0.66021794375 0.923466609375 0.631897921875 0.930191328125 0.6108256328125 0.9392007578125 0.5802578765625 0.9403536406249999 0.571308034375 0.942828190625 0.5511544453124999 0.9411103531249999 0.5315549703125 0.9408414765625001 0.5310647703125 0.9353967890625 0.530396246875 0.9324521906250001 0.5419986765625 0.9345335374999999 0.544153971875 0.9333819375000001 0.5494312890625 0.9270084859375001 0.5503795234375
0 0.6362447953125 0.6510884109375 0.6378442093750001 0.6493545390625 0.631897959375 0.6462676921874999 0.6276608453125 0.6391614406249999 0.631296828125 0.6365197453125 0.6265105765625 0.6261089359375 0.617633846875 0.6226071421875 0.617612359375 0.622782153125 0.6183060546875 0.6237369421875 0.626117421875 0.6421345640625 0.634028296875 0.650816259375 0.6362447953125 0.6510884109375
0 0.667888346875 0.41875 0.6434921953125 0.434497459375 0.6145317703125001 0.45969059218749997 0.605111221875 0.47536406875 0.5997581359375 0.4861287609375 0.595770453125 0.5186058234375001 0.5961723359375 0.51865516875 0.599356346875 0.5140037296875 0.6050507515625 0.4991692953125 0.619935996875 0.46630383125 0.6275382 0.461279228125 0.628827 0.454965828125 0.64843700625 0.43639559375000003 0.66592883125 0.4351672625 0.6674473390625 0.4312114125 0.662502528125 0.429313278125 0.672011021875 0.423341646875 0.6725748046875 0.41875 0.667888346875 0.41875