1 0 0.07193810625 0.000016446875 0.071959378125 0.005398473437500001 0.11560188593750001 0.013927621875 0.1151548921875 0.013638334375 0.0745135328125 0.0344288921875 0.0646447875 0.0338546421875 0.0516878640625 0.0020365828125 0.06608040781249999 0 0.0632250734375 0 0.07193810625
0 0.4796875 0.4443172515625 0.46573725625 0.44773970625 0.43850305624999997 0.45770747812499996 0.410594784375 0.47518350781249996 0.3911478140625 0.49114853593749996 0.37702403125 0.5068345875 0.3681676359375 0.5211770265625 0.3553874640625 0.5421304671875 0.35062223124999997 0.5530558156250001 0.3528073 0.5540088625 0.35493657500000003 0.553897271875 0.359757603125 0.5440365609375 0.364467040625 0.5320465765625 0.3752853234375 0.5143986375 0.393444475 0.49423085625 0.411882603125 0.479386259375 0.44393783124999997 0.4595577765625 0.4554256578125 0.45468548124999997 0.467025075 0.451942459375 0.4796875 0.44862304531249997 0.4796875 0.4443172515625
0 0.33575499999999997 0.6360371796875001 0.341352634375 0.6613652890624999 0.3429239546875 0.650607328125 0.3413013671875 0.6400167515625 0.34068761875 0.6283057453125 0.3418683734375 0.610095325 0.3403573734375 0.601634025 0.34271435625 0.5854970828124999 0.34064087656250003 0.5866733109375 0.33738664375 0.606059959375 0.33575499999999997 0.6360371796875001
0 0.3597213875 0.7063077515625 0.35714575000000004 0.697902246875 0.352664021875 0.6938668796874999 0.353505478125 0.6895525359375 0.352217659375 0.6853497828125 0.3483542046875 0.6727415234375 0.345666978125 0.6622067453125 0.3423614765625 0.66024485625 0.341352634375 0.6613652890624999 0.34661549687500004 0.680305575 0.3539518390625 0.6980696328125 0.36347325 0.7167867375 0.37966146093750003 0.7404922546875 0.3908099875 0.7495160359375 0.37008425312500004 0.7207105125 0.36414732031249997 0.7092784812499999 0.3597213875 0.7063077515625
0 0.4796875 0.7937397828125 0.4666691390625 0.7914455546875 0.45574379218749994 0.786680321875 0.44487424062500003 0.7829797265625 0.438151646875 0.776926675 0.42627325312500003 0.7743465125 0.414115884375 0.7664431640625 0.4131628375 0.7686282328125 0.4164683390625 0.770590121875 0.42851411875 0.7763641953125 0.4417919203125 0.7852763859375 0.4603371125 0.7928449625 0.4796875 0.7966190015625 0.4796875 0.7937397828125
1 0.30845595000000003 0.6855081140625 0.30469955937500004 0.6953130296875 0.3157922921875 0.703272171875 0.3267176390625 0.7080374046875 0.345044175 0.6910635359375 0.344430428125 0.679352528125 0.33692217343749997 0.6786784562499999 0.3216779578125 0.6933556671875 0.30845595000000003 0.6855081140625
2 0.7220233296874999 0.5035653812499999 0.71110455 0.46552259687499997 0.7036594859375 0.46591277656249996 0.656259728125 0.5026391718750001 0.6563094515625 0.5035879328125 0.7089612453124999 0.532670534375 0.7126605390625 0.5324766625 0.723040625 0.5229765421874999 0.7220233296874999 0.5035653812499999
1 0.728182284375 0.5236898546875001 0.7085166609375 0.5151124359375 0.6788696828124999 0.5401525125 0.68626181875 0.5589812078125 0.7306975984375 0.551314621875 0.75478915625 0.562862771875 0.728182284375 0.5236898546875001
1 0.6533319765625001 0.480639903125 0.6547313828125001 0.4869719296875 0.656414296875 0.47834324375000004 0.589848846875 0.4711561796875 0.5867665265625 0.4734528375 0.6213928640625 0.4823137609375 0.6539411968750001 0.5126348078125 0.6533319765625001 0.480639903125
0 0.6230621953125001 0.5345367703124999 0.6185804671875 0.5305014031249999 0.5843446953125 0.529092940625 0.5857441046874999 0.5354249671875 0.588938015625 0.53525758125 0.6230621953125001 0.5345367703124999
0 0.4796875 0.8380422843750001 0.4887384328125 0.84369618125 0.532272434375 0.8595632015625 0.579395440625 0.86243139375 0.62685774375 0.8514035109375001 0.6682157281250001 0.8257496859375 0.694724590625 0.8019416312499998 0.724599278125 0.7608762046875001 0.7315541078125 0.7306200046875 0.7394061875 0.6971141 0.7367792828124999 0.6673600578125 0.7347661265625 0.6493170234375001 0.7308468765624999 0.6356441281249999 0.7190288062500001 0.6138447031250001 0.7207629859375 0.6265645515625 0.713868478125 0.6376014890625 0.7113441109374999 0.65054451875 0.7115069703125 0.6740223296875 0.7104936015625001 0.6954266609374999 0.698945453125 0.71951821875 0.6892476015625 0.7381750015625 0.6713674265625 0.7636659671875 0.6552817546874999 0.782657521875 0.6398143546874999 0.793076184375 0.6191911578125 0.8069677328125 0.5918453671874999 0.8148062312499998 0.5608593015625 0.8142950203125 0.523262234375 0.8098600312500001 0.4923922890625 0.791194196875 0.4796875 0.7737788265625001 0.4796875 0.8380422843750001