2 0.37569532968749997 0.15060709218749999 0.3195394671875 0.124636971875 0.3037177734375 0.1851580078125 0.301947378125 0.1942659015625 0.3141491953125 0.20236204375 0.321230790625 0.2037385671875 0.3755586375 0.1513103125 0.37569532968749997 0.15060709218749999
1 0.36625314531250003 0.2116099515625 0.3995272546875 0.22635953125000002 0.40021463749999997 0.22282325625000002 0.3737613421875 0.1837885984375 0.35327678749999997 0.17390425781250002 0.328577640625 0.2046637890625 0.3282147078125 0.2065309171875 0.33336214218750004 0.2220141109375 0.3480923703125 0.22487737812500003 0.348699278125 0.224942559375 0.36625314531250003 0.2116099515625
1 0.316403859375 0.126083559375 0.317643803125 0.124065303125 0.28452077187499997 0.11372383281250001 0.2475198234375 0.10577461875000001 0.24662313125000002 0.1103877046875 0.294058096875 0.1262552953125 0.31247082187499997 0.157466946875 0.312597971875 0.1574916625 0.316403859375 0.126083559375
0 0.274748775 0.1724189515625 0.27892363750000004 0.172931559375 0.2795299109375 0.16981255312500002 0.2800603265625 0.16549268749999999 0.2752015109375 0.1645482296875 0.24389057812499998 0.16529480000000002 0.242200496875 0.16589545 0.24216364375000002 0.16608504375 0.274748775 0.1724189515625
0 0.06562995 0.41703634375 0.0831484265625 0.43759136875 0.10140099218750001 0.4560816109375 0.1370784609375 0.47196624375 0.19274425 0.482786578125 0.21079077499999999 0.48166610624999995 0.24091034687500001 0.47652304843750004 0.272216509375 0.46611042812500003 0.296211621875 0.4512831515625 0.316554628125 0.42903198906249995 0.3335635546875 0.4064559703125 0.342936578125 0.38279937343750003 0.350917828125 0.3492465390625 0.352012065625 0.32074441875000004 0.3477307375 0.2886893671875 0.34429747499999996 0.2755650578125 0.337212109375 0.255016865625 0.3293573609375 0.259636709375 0.30528355937499996 0.23036520781249997 0.29948395625 0.21734690625000003 0.29217290937499996 0.2129322453125 0.292702953125 0.2247639609375 0.29645424062500003 0.24498729843749997 0.30880233437500004 0.27715518906250003 0.3145882765625 0.31103970937500003 0.31069683124999997 0.34061557656249997 0.30551961875 0.3626615515625 0.2888287203125 0.39233660000000004 0.2707460484375 0.41211541093750004 0.241693390625 0.43048878906250004 0.2131844375 0.43982765781250005 0.181885109375 0.43980716875 0.15940826875 0.43559769687500005 0.135108790625 0.42245972343749993 0.10715720312499999 0.401897871875 0.0878160875 0.37241435 0.07772149375000001 0.34820721718750003 0.06978805625 0.30872828281250003 0.0667993234375 0.273770015625 0.0732691296875 0.24882082187500001 0.0817804234375 0.227099703125 0.08372273125 0.217528321875 0.0810451921875 0.20010219375 0.0878261953125 0.192685140625 0.086752446875 0.18988793125 0.07437703125 0.19945248124999998 0.06361223125 0.2132128421875 0.057475651562499994 0.222047390625 0.0354241640625 0.271575840625 0.0328376 0.284882559375 0.0285856609375 0.320532675 0.0349084765625 0.355815796875 0.048330318750000004 0.390780896875 0.06562995 0.41703634375
2 0.949144871875 0.0936933328125 0.9032316296874999 0.05925076875 0.8866584249999999 0.11217199375 0.8847632125 0.12192202187500001 0.8944707843749999 0.13350134062500002 0.9011301968750001 0.1347957984375 0.9491380921874999 0.0937282109375 0.949144871875 0.0936933328125
1 0.8973940453125 0.060910687500000005 0.8277490953125 0.054926260937500006 0.826884059375 0.0593764921875 0.8638121484374999 0.0705631328125 0.8857263546875 0.1079254234375 0.8865618093750001 0.10808781875 0.8973940453125 0.060910687500000005
1 0.9491106031250001 0.1576805703125 0.9765127890624999 0.173995675 0.97683113125 0.17235794531249998 0.9488991625000001 0.12363428125 0.9299565453125 0.109216596875 0.9022901140624999 0.1382085515625 0.90157930625 0.1418653390625 0.9008441953125 0.1502677015625 0.910810796875 0.162145434375 0.9133135031249999 0.1626319109375 0.9491106031250001 0.1576805703125
0 0.8110846140625 0.11092573125 0.8528997671875 0.11800015781249999 0.8566927718749999 0.1184658796875 0.85974500625 0.1092421390625 0.8551298328125 0.10834504062500001 0.81417465 0.10808235625 0.8107953984374999 0.1107225171875 0.8107777687500001 0.1108660859375 0.8110846140625 0.11092573125
0 0.6561356796875 0.37568108906250003 0.686635365625 0.4019142578125 0.7119631984374999 0.4131909375 0.777135778125 0.42585920312500003 0.7939922890625001 0.4254630828125 0.83626843125 0.41645589843749997 0.870265790625 0.402603190625 0.8987884031250001 0.3723981 0.9120074234375 0.3502605796875 0.9234354937500001 0.32459271562500003 0.932116365625 0.2799335046875 0.9331652625 0.27174643125000003 0.9321051765625 0.248083003125 0.927068128125 0.220329771875 0.9235288578125 0.2048391203125 0.9102985421875001 0.2059060390625 0.8880542078125 0.175129921875 0.8847269578125001 0.16437195625 0.8789205250000001 0.1617867640625 0.8747247140625 0.1633973875 0.87343211875 0.16630060468750002 0.879867771875 0.193516959375 0.8857733828125 0.208901603125 0.895635465625 0.25967537812499997 0.8920688765625 0.2859171640625 0.8873225296874999 0.3069954015625 0.8728919640624999 0.33419809843750004 0.8539475609375 0.3559123875 0.828659853125 0.3736428828125 0.7945564828125 0.3851292484375 0.767558975 0.385864478125 0.7325015296874999 0.376053759375 0.70465595 0.3578582484375 0.6839094015625 0.339344709375 0.6691881328125 0.3177159390625 0.6611350265625 0.296736878125 0.6551302375000001 0.2685527828125 0.65073606875 0.2445644984375 0.6509685765625 0.21799785468750002 0.6530237265625 0.20035970781249998 0.6585189625 0.1854127609375 0.66799799375 0.16412250625 0.6675739578125001 0.1546571359375 0.66650704375 0.1414268203125 0.673718909375 0.1330420265625 0.663603825 0.14013422343749998 0.65359475 0.1495927640625 0.6397078890625 0.167760953125 0.6272268140625 0.19084546875 0.6264225375000001 0.19265190000000001 0.6239829 0.2024425625 0.612360190625 0.262236215625 0.6182228296875 0.29154600625 0.6244396359375 0.3244627875 0.6410895546875001 0.3573864 0.6561356796875 0.37568108906250003
0 0 0.8979382125 0.007512521875 0.8980882296875 0.05314840625 0.9175662171875001 0.0640499625 0.9157029265624999 0.08666494062499999 0.9227488078124999 0.06731470625 0.9064982921875 0.0476689171875 0.8967289218750001 0.00260960625 0.8879702796875 0 0.8878401203124999 0 0.8979382125
2 0.525742315625 0.7102649421875 0.5150446390625 0.7074586125 0.5036985890625 0.7018508578125 0.5005715671875001 0.7012430265624999 0.4558226078125 0.7720647875 0.4560251328125 0.77217131875 0.4743110953125 0.77572575 0.525742315625 0.7102649421875