0 0 0.100392265625 0.015616840625 0.114158996875 0.028451828125000002 0.13154915312499998 0.0315138984375 0.13128125625 0.0311183015625 0.1385153921875 0.0393347265625 0.150138596875 0.048265546874999996 0.1699273296875 0.05347079375 0.194156025 0.05521836875 0.225886753125 0.047958320312500004 0.26046255625 0.042280665625000005 0.2661018046875 0.046631328124999996 0.26880668281250003 0.046146431249999995 0.2750201296875 0.0432629546875 0.277329409375 0.0439773453125 0.28549494062499997 0.0344896921875 0.311697475 0.0353108140625 0.3117405078125 0.040391971875 0.3032931859375 0.055285471875000006 0.2750792234375 0.060181343750000005 0.1816604234375 0.060179979687499996 0.18164483125 0.0558059828125 0.1620681 0.03839084375 0.1275940890625 0.015119450000000001 0.0967179453125 0 0.0858929671875 0 0.100392265625
0 0.2200856109375 0.06954269375 0.23045739375 0.0673949421875 0.23046643437499997 0.0672224328125 0.22785554375 0.0630229453125 0.22794484375000001 0.062002253125 0.208768709375 0.0695810953125 0.19918372499999998 0.07624421406250001 0.21077630468750003 0.0768517546875 0.21546705312499997 0.07530964375 0.2136935671875 0.072068971875 0.2200856109375 0.06954269375
0 0.24725584843749998 0.211951384375 0.252102621875 0.1905911265625 0.2566990953125 0.1763986375 0.2633792578125 0.16125369218750002 0.263450771875 0.1592057609375 0.264832315625 0.1490018578125 0.269357271875 0.13685729375 0.27462013125 0.13294021875 0.2747989203125 0.12782038906249998 0.28437219062499997 0.11790255000000001 0.2970888734375 0.10604404687499999 0.306519115625 0.10022207187500001 0.30256628281250003 0.09598317656250001 0.300446834375 0.09795959531250001 0.2931360421875 0.101805153125 0.27709715625000003 0.12072414218750001 0.261903446875 0.14479872031250002 0.24787673593749998 0.164813190625 0.23617100937500002 0.20643821875 0.237074696875 0.239276646875 0.23734775 0.260815690625 0.2495508203125 0.2930234890625 0.2550647765625 0.2997876609375 0.256005296875 0.2998369515625 0.2510038796875 0.280771653125 0.2494565546875 0.266364615625 0.253480903125 0.268555575 0.2546121421875 0.2655194359375 0.24578978437500001 0.2539339921875 0.245159153125 0.24263460781249999 0.2449218546875 0.220071596875 0.24725584843749998 0.211951384375
1 0.17749003593749998 0.053457992187500004 0.18660265468749998 0.0597655296875 0.1989495078125 0.05690680625 0.2153203734375 0.0630081015625 0.21695197500000002 0.063093609375 0.2181903171875 0.06262317187500001 0.2183593234375 0.05939833437499999 0.19405979843750001 0.043499754687499996 0.212785715625 0.0274306765625 0.17897939062499998 0.0268405859375 0.176912640625 0.02782925625 0.1593184453125 0.037769610937499996 0.1592111578125 0.0439162140625 0.1694912609375 0.0420461625 0.17749003593749998 0.053457992187500004
1 0.1257096421875 0 0.12089209375000001 0.0056331203125 0.125498159375 0.023520665625 0.10476554062500001 0.03713435625 0.096242815625 0.0405027296875 0.103817775 0.0462119875 0.10443970625000001 0.04624458125 0.1206501078125 0.0436665953125 0.13995394218749999 0.046383965625 0.1603677671875 0.04816994375 0.159614971875 0.0450185703125 0.15580010625000001 0.0415993015625 0.15438381406249999 0.0342758640625 0.1670786046875 0.0302439953125 0.18004129062500002 0.0231500515625 0.1792884953125 0.0199986796875 0.2140064109375 0.023036103125 0.21418367656249998 0.019653684375 0.21350710468749998 0.0168213953125 0.18462144687499998 0.006066196875000001 0.191855584375 0.0056705984374999996 0.191102790625 0.002519225 0.183126815625 0 0.1257096421875 0
0 0.309490128125 0.61875 0.2993578171875 0.6491580015625 0.293731059375 0.6671348484374999 0.290107284375 0.6962499953125001 0.2914083640625 0.7228772703125 0.2998158796875 0.760196353125 0.31141317343749997 0.7869513265625 0.32691463125000003 0.811307725 0.3463202609375 0.8332655390625 0.378420678125 0.8592552296875 0.40936020624999997 0.8719759296875 0.44139045625 0.8778899625000001 0.466020865625 0.8791807875 0.5289596859375 0.8635693390625001 0.55 0.8506429359375 0.55 0.8001713859375 0.5146450234375 0.8175105281249999 0.453224946875 0.82082708125 0.39263447500000004 0.7983584546875 0.364131925 0.7782250171875 0.3399291390625 0.7484588640625 0.3173596484375 0.702093753125 0.3126517890625 0.6953061125 0.309985315625 0.6883398703125 0.3183937578125 0.64337855625 0.33094555 0.61875 0.309490128125 0.61875
1 0.611390215625 0.8273681968750001 0.61609230625 0.84046923125 0.6339823984375 0.8414068125 0.6625486734375 0.8325286703125 0.66355543125 0.81331859375 0.6545915390625 0.8018061390625 0.6508411921875 0.8016095921874999 0.611390215625 0.8273681968750001
1 0.7668895765625 0.61875 0.7621634609375001 0.6268699140625 0.8144523890625 0.645896440625 0.819573584375 0.64616483125 0.8307177203125 0.6390464625 0.83079814375 0.637511896875 0.79025340625 0.61875 0.7668895765625 0.61875
0 0.9528544531249998 0.687909578125 0.9489373765625 0.6826467171874999 0.940007746875 0.6741331703125 0.930054146875 0.6655838640625 0.924089140625 0.6602494906249999 0.9099324031249999 0.6546290499999999 0.8937634937500001 0.647913134375 0.8775588265625001 0.6422211812499999 0.8612826437500001 0.638577159375 0.8459946687500001 0.6359928625 0.8316591453125 0.6354922546874999 0.8172878625 0.6360156140625 0.8018568546875 0.6375271796875001 0.7863543359375 0.6410866796875 0.7728639890625 0.6457416578124999 0.7447878140624999 0.65706379375 0.7321784015625 0.6658503953125 0.71324640625 0.6795422796875 0.7015536890625 0.6914365375 0.6833238390625 0.714379878125 0.6756197125 0.7294890625 0.6722975124999999 0.7365495515625 0.6774888578125 0.734680409375 0.687419703125 0.7145229078125 0.6960762812500001 0.7014974125 0.7013749015624999 0.6965563687499999 0.7067450328125 0.6895673953125 0.716318303125 0.679649553125 0.7246888203124999 0.6748157859375 0.733130853125 0.6679340859375 0.742596853125 0.6610881421875 0.75718268125 0.6544209890625 0.769649059375 0.6497302484375 0.77904354375 0.6449322390625001 0.7872352703125 0.6452183015624999 0.80280930625 0.6396108703125 0.8233601421875001 0.6382780921875 0.8468756031249999 0.640124484375 0.8723674812500001 0.644090325 0.8987402921874998 0.6521877859374999 0.9188620375 0.6631425984375 0.9358403640624999 0.6760380703125 0.9497467984375 0.688826271875 0.9596288812499999 0.699423509375 0.9634744421875 0.706734303125 0.9703561437499999 0.7151763328125 0.9742374609375 0.721463159375 0.979071228125 0.729833675 0.9848932062500001 0.739263915625 0.98767904375 0.7475629171875 0.991488846875 0.7558976765625001 0.9913458171875 0.7599935390625 0.9931434421875001 0.7672328187499999 0.9968102140624999 0.7796634421874999 0.9975481187499999 0.787890928125 0.9979029859375 0.78850544375 0.9981244593749998 0.7885170515625 0.9989348484375 0.77305389375 0.9945607421875 0.7560049484375 0.9926558406249999 0.75183756875 0.9888102812499999 0.744526778125 0.9802382250000001 0.7257735703125 0.9744877656250001 0.7142953984375 0.9617483296875001 0.6974470921875 0.9528544531249998 0.687909578125
0 1 0.8759510890625 0.9986670671875 0.8798142671875 0.9975570765625001 0.8807456609375001 0.998220571875 0.884917725 0.9947120046875 0.889753284375 0.9915606312499999 0.8905060796875001 0.9910248390625 0.8966302265625 0.9876948671874999 0.8994244046875 0.9852962890625001 0.9033285703124999 0.977347759375 0.9118897 0.9703306218750001 0.92156081875 0.9634027859375 0.9302112484375 0.9576742359375 0.9369095921875001 0.9538984124999998 0.9395344031249999 0.9550895140625 0.9395968265625001 0.9639769828125001 0.9354040031249999 0.9768119656250001 0.9180138484375 0.9859597859375 0.9075006343750001 0.9966640874999999 0.8909525734375 1 0.8828405734375 1 0.8759510890625
0 0.8975293984375 0.9714897499999999 0.8808366843750001 0.9767709 0.8602120953125001 0.978768 0.845673 0.9821100234374999 0.8538584890625 0.9825390078125 0.8683439609375 0.9802201687500001 0.8869758015624999 0.9770926375 0.9046917015625 0.9718651109374999 0.9162684828125001 0.9663158468749999 0.924775709375 0.9606057140625 0.9164293515624999 0.9632462890625 0.8975293984375 0.9714897499999999
0 0.8171846625000001 0.9775390234374999 0.8109382984375 0.979263659375 0.808891928125 0.9791564125000001 0.8139006109375 0.9814708984375 0.8200933515625 0.9807694515625001 0.8171846625000001 0.9775390234374999