0 0.4890625 0.1598928046875 0.480697484375 0.1599616015625 0.4716616359375 0.1534413640625 0.4637253 0.142364128125 0.4613686375 0.146135578125 0.4583045796875 0.1468429734375 0.4550828875 0.14220780625 0.4542178578125 0.133801190625 0.4487176625 0.128616265625 0.44761814843750003 0.133173275 0.43583088906249995 0.110075603125 0.42883774375000006 0.1030837734375 0.4269513640625 0.0949129578125 0.4202721796875 0.0846212734375 0.41445802499999995 0.08273620468750001 0.41262591718749997 0.0836112046875 0.4139048234375 0.10190042343750001 0.42601079999999997 0.11879749375 0.44667627187500003 0.1430728359375 0.4624694640625 0.1555635453125 0.4875807140625 0.1679685234375 0.4890625 0.16786490625 0.4890625 0.1598928046875
0 0.14536548124999998 0 0.1450706828125 0.0019241328124999998 0.16231819218750002 0.0293826015625 0.165007440625 0.029194550000000003 0.15856912343750001 0.0047308687500000005 0.15605751406249999 0 0.14536548124999998 0
0 0.14195086875000001 0.11026538906250001 0.1417585609375 0.10983608593750001 0.1339575046875 0.082630565625 0.13348535781249998 0.0788003703125 0.1350940484375 0.101805725 0.1359945453125 0.104946128125 0.142337765625 0.118493434375 0.1425253125 0.1184803203125 0.14195086875000001 0.11026538906250001
2 0.2456610171875 0.2788641234375 0.2484524359375 0.264503521875 0.2436787453125 0.25610075 0.24033403281250001 0.24584007031250002 0.23964727031250002 0.23289252968750002 0.2275286796875 0.2348082625 0.22469963437499998 0.2438688875 0.2190415453125 0.2619901359375 0.1924452609375 0.2723849734375 0.1926018078125 0.2746237109375 0.2367627765625 0.26970614375 0.23864959843750003 0.2764799265625 0.24554620625 0.2788721515625 0.2456610171875 0.2788641234375
1 0.17417904374999998 0.27270424375 0.181866665625 0.27862611249999997 0.1972446 0.2775507828125 0.2123655828125 0.2703938609375 0.21604085468749998 0.2655101875 0.21636956093749998 0.262382759375 0.21389954375000003 0.2557992 0.2149952296875 0.24537444062499997 0.20297700624999998 0.2293553875 0.16341613593749998 0.21465745468750003 0.1402028171875 0.19539218281249998 0.12292694062500001 0.1966002296875 0.12310571875000001 0.19915686875 0.133459834375 0.2188868640625 0.1628745875 0.2599221875 0.17417904374999998 0.27270424375
1 0.277400428125 0.269200584375 0.2854009234375 0.2698199765625 0.333111 0.2664837640625 0.336418353125 0.2566674265625 0.3365865765625 0.24404633125 0.3327183828125 0.2338090453125 0.323914346875 0.22812001718750002 0.2853929796875 0.2182043625 0.2810640828125 0.2164055125 0.27710078125000004 0.2198349859375 0.276640078125 0.22827342343749998 0.26589095 0.22482196562499998 0.25662621093750004 0.227571375 0.24721522812500002 0.22822945468750003 0.2408681234375 0.227622509375 0.23804195 0.23006801718749997 0.2382832109375 0.2335182078125 0.24651317968750003 0.24824332187499998 0.254344671875 0.25505113437500004 0.2531307828125 0.26774535 0.277400428125 0.269200584375
0 0.5771493484375 0.2813160609375 0.5708385781249999 0.28143999062499997 0.5709731812500001 0.28336490312499996 0.5721392375 0.2848048640625 0.575712246875 0.28455501562499996 0.5773090890625 0.2836004640625 0.5771493484375 0.2813160609375
0 0.5465772375 0.287417359375 0.5363399515625 0.291285553125 0.5240844546875 0.29634565 0.5078656609375 0.30483522343749997 0.49610908125000003 0.31032678125 0.496555965625 0.316717525 0.49957614375 0.3165063328125 0.50650553125 0.315438109375 0.525934440625 0.3077748421875 0.5325960109375 0.2978520203125 0.5465772375 0.287417359375
2 0.34549569375 0.8507833250000001 0.33615483125 0.8585011671875 0.3152268546875 0.9154476328125 0.315425315625 0.9182857468750001 0.34197298125 0.916429353125 0.3727715421875 0.91294550625 0.3719109390625 0.9006383015624999 0.34753142656249997 0.8506409734375 0.34549569375 0.8507833250000001
1 0.2728195015625 0.8974492156250001 0.3165975875 0.885361990625 0.3165833953125 0.8851590281250001 0.2627905640625 0.8885263671875 0.23672125156249998 0.8753544171875 0.229444128125 0.875863284375 0.22979418906250001 0.880869375 0.23354299687500002 0.901842928125 0.2355062390625 0.9019458171875 0.244009325 0.9013512234375 0.2728195015625 0.8974492156250001
1 0.42827595937499996 0.8356737687500001 0.373702275 0.8316942296875001 0.3486600796875 0.84323680625 0.34333731875 0.8694589031250001 0.343579753125 0.8729258546875001 0.3571616625 0.8856072640624999 0.38376692343749996 0.8837468421875 0.390882584375 0.8802004265625 0.42827595937499996 0.8356737687500001
0 0.173253034375 0.559375 0.1640801609375 0.5665637343750001 0.15370620468750001 0.586971821875 0.1404742953125 0.611095728125 0.134444115625 0.6372675453125 0.1395368765625 0.7100974203125 0.1447105328125 0.71016019375 0.15548688125000001 0.7261367875 0.1609184234375 0.7421422921875 0.1622052171875 0.7520029546875 0.17169477500000002 0.7581188859375001 0.1732659359375 0.74454240625 0.1671765421875 0.720934165625 0.1641161984375 0.6872363421875 0.1690875234375 0.656167553125 0.17714572343749999 0.62569879375 0.19632246874999998 0.5984590953125 0.21921503125 0.5740773546875 0.237049534375 0.5647299859375 0.25495996718749997 0.559375 0.173253034375 0.559375
0 0.312794478125 0.559375 0.32502436874999996 0.562609490625 0.3598667984375 0.58112838125 0.3764168859375 0.6003629515625 0.38970899375 0.62537125625 0.39928528750000003 0.6475216046875 0.40400352812499996 0.683677365625 0.4039769921875 0.7167751625000001 0.39694775 0.74744393125 0.3773999 0.782086353125 0.3736861609375 0.7920391453125 0.40142142031250005 0.7900997078125 0.4176425828125 0.7728233453125 0.4345035765625 0.735522975 0.44441968593750003 0.70648319375 0.445904115625 0.676872296875 0.4420148234375 0.641945503125 0.4304649734375 0.5969869515624999 0.4138570640625 0.5670627703125 0.403861684375 0.559375 0.312794478125 0.559375
0 0.28825487031249997 0.8434362312499999 0.2857975390625 0.84040168125 0.26163135312499997 0.828068459375 0.2578516609375 0.8283327609375 0.24995842656249997 0.8332410875 0.2499802046875 0.83355253125 0.28120801875 0.8439289953125 0.28825487031249997 0.8434362312499999
1 0.6681183765625 0.633463978125 0.6372198328125 0.6014270703125 0.6241677265625001 0.6097229890625 0.6246620234375 0.6167917562499999 0.655888934375 0.6469794765625 0.6573723140625 0.6468757484375 0.6684788140625 0.6386184921875 0.6681183765625 0.633463978125