2 0.3646030984375 0.55 0.3674454546875 0.5490712624999999 0.3676399375 0.545360309375 0.31933307499999997 0.5016428078125 0.310258509375 0.5057658890625001 0.308976725 0.5302237984375 0.310698909375 0.55 0.3646030984375 0.55
1 0.368508971875 0.5217191031249999 0.388139690625 0.5301322703125 0.3919681359375 0.530332909375 0.4151701359375 0.5042306578125 0.41532350156250003 0.5013042515625 0.4125003890625 0.49918691718749997 0.40606261874999994 0.4798736109375 0.374946740625 0.486311378125 0.358852321875 0.4906032234375 0.3291114578125 0.4741944734375 0.32905979531249996 0.475180265625 0.3513415921875 0.504551721875 0.368508971875 0.5217191031249999
1 0.27876506874999996 0.55 0.26302043125 0.5458674265625 0.2334876828125 0.5163775625 0.2302692890625 0.5163213859375 0.22871840625 0.55 0.27876506874999996 0.55
0 0.24749530625 0.49616245625 0.279381340625 0.4978335328125 0.27956509218750003 0.4943273625 0.24749530625 0.49616245625
0 0.21786840624999998 0.1671039515625 0.18947625937499998 0.174973240625 0.160669840625 0.19041819531249998 0.1366065109375 0.21083348124999998 0.11486796562499998 0.23319949687500002 0.0982465671875 0.264811359375 0.0896151078125 0.28926183125 0.086702096875 0.31752024218749997 0.0853657578125 0.33917835625000003 0.0862606875 0.36171831875 0.09394295 0.3879727046875 0.10153169375 0.41315821562500005 0.11218026406249999 0.4240742453125 0.11895451093750001 0.40301743593749995 0.11648291250000001 0.38707777499999996 0.11279561874999999 0.35724269375 0.12137378125 0.319872165625 0.1359509375 0.2895162109375 0.156660821875 0.255392534375 0.1785863953125 0.2351642765625 0.2030237859375 0.219024503125 0.22607153906250002 0.2116227859375 0.26892018906250004 0.20895107343750002 0.29783320625 0.21934623281249999 0.3204264671875 0.23137135625 0.3367934875 0.246095328125 0.3555385890625 0.27569008125 0.3639156703125 0.2975754390625 0.3689925984375 0.3186724640625 0.3694732578125 0.34878808906250003 0.36172364375 0.37100729062500004 0.3551364265625 0.3942018546875 0.339209846875 0.4214446875 0.3289484203125 0.43957540625 0.3252386015625 0.4579914140625 0.326801009375 0.458073296875 0.3316070515625 0.4576528234375 0.3303511421875 0.4556085828125 0.34098662812499997 0.4417533765625 0.367094203125 0.4200821828125 0.37620631875 0.425747334375 0.392132896875 0.39850450312499996 0.4041056703125 0.35709092187499997 0.40702760781249997 0.3013370546875 0.4051715859375 0.2801226484375 0.385213775 0.23324262031249998 0.35549934375 0.20137637968750002 0.333694415625 0.18605110625000001 0.30682564375 0.17440003906249998 0.27391765625 0.167585575 0.242452609375 0.1649531125 0.21786840624999998 0.1671039515625
0 0.56875 0.2205695203125 0.5745389296875001 0.2319125703125 0.6096340875 0.2681421703125 0.6096741234375 0.2681638 0.6126316765625 0.26831879999999997 0.61326804375 0.2561761890625 0.6021677265625 0.24842835624999998 0.5847611453125 0.22652268750000001 0.5725201390625 0.2127050671875 0.56875 0.2034943015625 0.56875 0.2205695203125
0 0.849237478125 0.24741847031250003 0.8395808265625 0.237761815625 0.832070096875 0.225959240625 0.8245593671875 0.2130837046875 0.8213404828125 0.2023540921875 0.8202675218750001 0.1948433625 0.8170486374999999 0.1926974390625 0.8149027140625 0.1819678265625 0.8127567921875001 0.1615815609375 0.8191945609375001 0.15085194531249999 0.8170486374999999 0.144414178125 0.8127567921875001 0.144414178125 0.814894146875 0.10594180625 0.8148255953125 0.10594180625 0.8095379078124999 0.11651718124999999 0.8078234390624999 0.1264611078125 0.8061453703125 0.1584805453125 0.8063190234375 0.159435634375 0.8106108687500001 0.2002081671875 0.8267052906250001 0.23883477968750003 0.84709155625 0.2699506578125 0.8685507828125001 0.29140988437500004 0.891082971875 0.304285421875 0.8984482953124999 0.307968084375 0.8988044671875001 0.3011719203125 0.8814263203125 0.292482846875 0.8685507828125001 0.28497211875 0.8674778218749999 0.27853434843749997 0.855675246875 0.27102361875000003 0.8524563624999999 0.2635128890625 0.8481645171875 0.25922104375 0.849237478125 0.2560021609375 0.849237478125 0.24741847031250003
0 0.7557084625 0.32005819375 0.7618918906250001 0.3215158796875 0.7756582203125 0.3222373421875 0.775773684375 0.32003415625 0.7728545062500001 0.32143060156250003 0.76647389375 0.318099853125 0.7676028703125001 0.31490018750000004 0.754785471875 0.3114570828125 0.7451115640625 0.31236135 0.7440013140625 0.3144882203125 0.7557084625 0.32005819375
1 0.712725659375 0.32771762187500003 0.6945297484374999 0.3264452390625 0.708691309375 0.3392669078125 0.7032294890624999 0.360686909375 0.7132949140625 0.361214415625 0.7472463312500001 0.357021078125 0.7542170640625 0.3432414875 0.7546683453125 0.334630521875 0.7472013234375 0.32690164843749997 0.7323661484375 0.323713109375 0.7279619562499999 0.3227665125 0.7258361265625 0.3226178625 0.7446115515625 0.3331740453125 0.7219066296875 0.3224072171875 0.7200096421875 0.32230780000000003 0.712725659375 0.32771762187500003
1 0.6802432375 0.3782579828125 0.7230829125 0.3673436171875 0.742924028125 0.3602224421875 0.747586496875 0.35033947187500003 0.7477515703125001 0.3471897015625 0.7230296140625 0.3544235609375 0.714933078125 0.33574483593750004 0.734369184375 0.31068561093749997 0.7218952640625 0.3100318796875 0.687783759375 0.32088713593749996 0.6754247906249999 0.327353703125 0.685512271875 0.3318564640625 0.6816641156250001 0.3494260921875 0.6709351140625 0.36221241718749997 0.6288345796875 0.3734351546875 0.6311312640625 0.3756841328125 0.6802432375 0.3782579828125
0 0.0066809421874999995 0.55 0.005123284375 0.55525808125 0.0033678828124999996 0.5887531312500001 0.00383333125 0.594073225 0.0101555671875 0.63444390625 0.025507006250000002 0.662181446875 0.0426221421875 0.6854564453125 0.0646140984375 0.702919478125 0.115612584375 0.7318465468750001 0.1375066390625 0.7356800421875 0.1867491375 0.73826073125 0.231238484375 0.7238847078124999 0.2834134171875 0.6923934968750001 0.3037090234375 0.665845484375 0.3282670609375 0.6141521765625 0.333539928125 0.5809963812500001 0.3347511125 0.5578856 0.3340612125 0.55 0.30729237343750004 0.55 0.30774517968750004 0.564248734375 0.29511875 0.5922799015625 0.28026105156250003 0.61942921875 0.2650292890625 0.642303021875 0.25030532031249997 0.6586700421875 0.23121232187500002 0.6743422421874999 0.2053319921875 0.6863000171875 0.169364184375 0.69375503125 0.13896801406249998 0.6910290515625 0.11014851249999999 0.6817027734375001 0.081369228125 0.6605253171875 0.053926284375 0.6176897484375 0.048609025 0.5815349109375 0.048315399999999994 0.553557040625 0.049290040624999996 0.55 0.0066809421874999995 0.55