2 0.18100751406249999 0.5333270421874999 0.2119306359375 0.532787278125 0.2200866703125 0.548411534375 0.2254110109375 0.5495432578125 0.226738990625 0.549652684375 0.232383221875 0.5230986625 0.2321502265625 0.509750478125 0.23190137812499997 0.50800743125 0.2184964828125 0.5051581328125 0.21775541875 0.512063909375 0.2084784828125 0.5122258375000001 0.20444535937500002 0.5174516609375 0.169453128125 0.5211557078125 0.18100751406249999 0.5333270421874999
1 0.17181075625 0.5093968421875 0.180117490625 0.51116249375 0.194831821875 0.49870965468749995 0.214634140625 0.4744654578125 0.22271897499999999 0.4633524265625 0.23012810468749997 0.4284952140625 0.22243495625 0.43314153125 0.1961443390625 0.451428615625 0.1541545359375 0.4700441578125 0.15199838906250002 0.4729125984375 0.1470465390625 0.49620922187499994 0.14812044687499998 0.498739190625 0.1599769546875 0.5024176390624999 0.17181075625 0.5093968421875
1 0.23609105156250002 0.51481515 0.23439265156250003 0.5136450328125 0.2323156640625 0.523416496875 0.2261248984375 0.5560979328125 0.24088096406249998 0.569623415625 0.2609015359375 0.5901351328125 0.28876076875 0.6109308796875 0.293950209375 0.6120339296874999 0.2827707609375 0.5900854718749999 0.29444759062500003 0.59589078125 0.30089779375000003 0.58403865 0.30273981875 0.5753726 0.3025485390625 0.567879634375 0.2792886984375 0.5333788953124999 0.27038759843750004 0.5300458109374999 0.2639918265625 0.5385164765625 0.2603221265625 0.527590140625 0.2504001328125 0.5241135765625 0.24323731718750002 0.5158194921875 0.23609105156250002 0.51481515
0 0.46028293124999997 0.5860463046875 0.452934146875 0.5871695234375001 0.44577424531250004 0.5952058359375 0.4411025546875 0.593027390625 0.440976634375 0.5884186609375 0.426777715625 0.5920351234375001 0.41569158125000005 0.5914155875 0.41326129843750004 0.5868698171875 0.4010773890625 0.5861889328125 0.4003381640625 0.5896667140625 0.4192880921875 0.595545325 0.42141365625000005 0.5959971265624999 0.4421628125 0.598071809375 0.46477077343750006 0.598376546875 0.4922972296875 0.593012296875 0.511041915625 0.5869655484375 0.5147495531249999 0.58498335 0.5168840593749999 0.574941290625 0.5162072234374999 0.573449128125 0.49820799375 0.573018471875 0.49328949531250005 0.578687459375 0.48133198125 0.579936596875 0.47367342968750004 0.5866028828125 0.46626168593750006 0.5854217359375 0.45997316093749996 0.5915893734375001 0.46028293124999997 0.5860463046875
0 0.25339148906250003 0.353196521875 0.2640976203125 0.34112309218750003 0.271211209375 0.3344908109375 0.278579903125 0.3283059953125 0.2794868015625 0.324039371875 0.2786631171875 0.32261270937500003 0.27740049375 0.323341684375 0.26164386875 0.3383310203125 0.24661621875 0.3545829796875 0.2382338875 0.367814875 0.23743120156250003 0.37159121562499997 0.2380520625 0.371723184375 0.25339148906250003 0.353196521875
0 0.33616487500000003 0.29544418906250003 0.3413667234375 0.2889616296875 0.3493007359375 0.2849993625 0.3525391046875 0.2809637 0.352977171875 0.27890275625 0.34689112031249997 0.28044260312499997 0.33118436875 0.2873489046875 0.31295733124999997 0.29698736718749996 0.3056999484375 0.30303701250000004 0.3138830828125 0.3047763921875 0.3159013640625 0.30476010625 0.3238353765625 0.3007978375 0.33616487500000003 0.29544418906250003
2 0.901765128125 0.1155613875 0.8950901921875 0.0716877828125 0.8906176109375 0.07073710625 0.8405768515625001 0.0877907828125 0.8397340421875 0.0917558890625 0.8857542453124999 0.1465629328125 0.8882457546874999 0.14709251875 0.8959138015624999 0.143089715625 0.901765128125 0.1155613875
1 0.84947013125 0.11836165624999999 0.8359963968749999 0.102441025 0.8340705906249999 0.10203168124999999 0.8000746515625 0.1195305265625 0.7982886828125 0.13771110312499998 0.8108983328124999 0.145029515625 0.831782253125 0.14012446875 0.8511580484374999 0.161572984375 0.8565963968749999 0.162728940625 0.8570293671875 0.1606919765625 0.84947013125 0.11836165624999999
1 0.9789087625 0.0832983625 0.9713095171875 0.08168309375 0.9377681046875 0.08117083124999999 0.9040951249999999 0.0837258171875 0.904829065625 0.085911084375 0.9019110687499999 0.11325680625000001 0.9043143484374999 0.11376763906250001 0.9259809046875 0.09096590156249999 0.9783499703124999 0.08592726875 0.9789087625 0.0832983625
0 0.9237700453125001 0.1339219890625 0.93484020625 0.139424996875 0.9625327078125 0.1453112203125 0.962944965625 0.1433716984375 0.9306831390625 0.133733109375 0.9237700453125001 0.1339219890625
0 1 0.408819915625 0.9886526124999999 0.414636065625 0.9585641328125 0.419381421875 0.9363182171875 0.41875712343749993 0.9109610703125 0.40982810468749997 0.8809632421875 0.3943191453125 0.8578836750000001 0.368923684375 0.8444952812500001 0.3471922609375 0.830859221875 0.310452340625 0.8226643140625001 0.2773049671875 0.8250848843749999 0.252338475 0.8299592078125 0.23016405468749998 0.830369021875 0.220668209375 0.82514235625 0.2043256 0.83053116875 0.196163871875 0.8290732171874999 0.193638625 0.818633909375 0.20471625625 0.81038153125 0.21958175781249997 0.8007950328125 0.23942626093750002 0.7913132109375 0.2827792984375 0.793052009375 0.3280716 0.804501140625 0.361023646875 0.8227255437500001 0.3925892375 0.8433513578125 0.41519262812499996 0.8633196921874999 0.4322833734375 0.8838216734375 0.4473825171875 0.8912536859374999 0.44964183125 0.9463951984375001 0.46136252187500004 0.9666160500000001 0.46102884218750007 0.9927213312500001 0.455216190625 1 0.4527539046875 1 0.408819915625
2 0.1060266125 1 0.1128418578125 0.959236453125 0.0702024171875 0.9383279453125001 0.0681408765625 0.9383639296874999 0.061051384375 1 0.1060266125 1
0 0.266851515625 0.9642755125000001 0.2794226828125 0.9826972921875001 0.2797851328125 0.9834703015624999 0.27982835 0.9834794875 0.28034083593750003 0.9810684265624999 0.2661561046875 0.9439805015625 0.2447987265625 0.9197850796875 0.2144524203125 0.8930697859375 0.213843803125 0.8927784937500001 0.1879404453125 0.8872725656250001 0.1991201796875 0.8979940734374999 0.2017657984375 0.9079581062500001 0.2055699953125 0.9150545578125 0.2082156125 0.9250185890625 0.20667084375 0.9288420281249999 0.2072405109375 0.93018408125 0.218710825 0.9348183890625 0.266851515625 0.9642755125000001