0 0.110531559375 0 0.12211206875 0.0162811125 0.13812154375000002 0.0384623375 0.1467191234375 0.0695743796875 0.1539676203125 0.0929925296875 0.15492577031250002 0.11467066875000001 0.15330113437499998 0.1403928296875 0.14752031875 0.1645992859375 0.14016610937500001 0.183246015625 0.1350582234375 0.201049971875 0.129331875 0.2144734375 0.1117554515625 0.2277302828125 0.0841266546875 0.244246065625 0.0618877453125 0.2505396359375 0.0463878 0.254304884375 0.015951904687499997 0.276998859375 0.01617285625 0.2771399734375 0.019599125000000002 0.27786825 0.0889589875 0.2598581671875 0.1140049953125 0.24738640781250001 0.1490456875 0.22193980156249998 0.1736398546875 0.193237478125 0.20272022343749999 0.121851809375 0.2064213375 0.0866380515625 0.1963592984375 0.028400296874999998 0.188482434375 0 0.110531559375 0
1 0 0.30085825 0.024073715625 0.305975275 0.029417175 0.3070403296875 0.1024405796875 0.299443175 0.12754422031249998 0.28494431875 0.1025018265625 0.27533144374999996 0.14301541874999998 0.2655986171875 0.1584247578125 0.24566071875 0.1607111875 0.23490391718749998 0.1520111125 0.23917001249999997 0.1120436671875 0.2594561609375 0.0701438640625 0.26980616875 0 0.26985209062500004 0 0.30085825
0 0.409375 0.26252194218749997 0.41050188906249996 0.251800303125 0.424537375 0.22090934375 0.44020071875 0.184795125 0.46159363437499995 0.1557563359375 0.48326855 0.1342992875 0.504046225 0.12137890625 0.52853145625 0.11424256562499999 0.5484118921875 0.10985885312500002 0.5830071875 0.10917947812499999 0.6071014906250001 0.11602737968750002 0.6358582796875 0.12983855312499998 0.6538320796875 0.14359526250000001 0.6765260546875 0.1740311578125 0.6851781015625 0.1943602125 0.693887834375 0.22440517187500003 0.6983292343749999 0.2540015140625 0.6997360046875001 0.271411315625 0.698447834375 0.2939322265625 0.6944070328125 0.31184833749999996 0.68121431875 0.3449856171875 0.670771015625 0.362228796875 0.6621798812499999 0.37211455 0.6539829 0.38851495625 0.636742940625 0.39857054999999997 0.6030481078125 0.41121215468749994 0.564915096875 0.4147563140625 0.5438554250000001 0.4200949546875 0.524177446875 0.42925579531249997 0.5429168671875 0.43323898125 0.5757013093750001 0.43530967968749995 0.6008050078125 0.4325538265625 0.6199548234375 0.42485670937500003 0.64208158125 0.41963022343749995 0.674090865625 0.402495975 0.7195748609375 0.3598061875 0.72839030625 0.347786271875 0.7465819703125 0.31841101875 0.75679774375 0.28280310468750003 0.7611717890625 0.24118684531249998 0.75622408125 0.2061429328125 0.7436369421875 0.161665109375 0.7153832390625 0.13280260625 0.6843224390625 0.11011829687500001 0.652306709375 0.0862547484375 0.6149010968749999 0.0726134171875 0.5864263046875 0.06638397968750001 0.5531224015625 0.06504134218749999 0.5168992484375 0.0709439796875 0.48898845468749996 0.0798780234375 0.45332930000000005 0.10094414062499998 0.4328336234375 0.12144626249999999 0.4155391984375 0.142284846875 0.409375 0.1519365 0.409375 0.26252194218749997
2 0.4778934796875 0.4545607921875 0.48705268437499993 0.45650764062500004 0.4810210296875 0.401490115625 0.44833158749999996 0.411600390625 0.423510821875 0.3972033203125 0.42346994843749997 0.39729512499999997 0.4220926578125 0.40377476874999996 0.42163700937500004 0.4363486640625 0.4227343015625 0.43683720781249996 0.45180905156250006 0.42489368125000004 0.4778934796875 0.4545607921875
1 0.6249596484375 0.4726217828125 0.6397426359375 0.4610569796875 0.6254862296875 0.453285865625 0.6704358 0.4378457296875 0.6725880296875 0.42772028281249996 0.6268626546875 0.437724065625 0.6053714984375 0.43981805625000003 0.571090959375 0.4393012609375 0.547900109375 0.43384701875 0.5039773453125 0.4135387578125 0.48819617031250007 0.430966634375 0.4856196453125 0.44308823124999996 0.4999190984375 0.4510570484375 0.5267322171875 0.45905104375 0.5581693015625 0.46996931406250003 0.6249596484375 0.4726217828125
1 0.409375 0.41884499062499997 0.41838180156250004 0.4259371234375 0.42016115625 0.4263153359375 0.4477359390625 0.3844057140625 0.43228127499999996 0.3717769984375 0.409375 0.35851360312499997 0.409375 0.41884499062499997
0 0.409375 0.792879965625 0.4008149421875 0.7841775578125001 0.3685749015625 0.762448178125 0.3181642796875 0.7443382 0.317039075 0.74409903125 0.27163691874999996 0.7403919984374999 0.2375631578125 0.7485346765625 0.23738694843750002 0.74936368125 0.24372612500000002 0.74932604375 0.26742627343750003 0.7496592859375 0.307696671875 0.76683833125 0.3373539234375 0.7926117390625 0.353751109375 0.780309821875 0.3530204921875 0.7769964171874999 0.36784750625 0.7796336703125 0.385314996875 0.78794280625 0.391999496875 0.7961974765625 0.404243725 0.8028787546875 0.409375 0.8120534750000001 0.409375 0.792879965625
0 0.162534325 0.9428005140625 0.1762043484375 0.9244770359375 0.1814189046875 0.899944478125 0.164622853125 0.9143678265624999 0.14271559843749998 0.9292786390625001 0.12135905 0.9350386265624999 0.110684234375 0.9326348937500001 0.11089898125 0.937428515625 0.11034827656249999 0.946579346875 0.10336567187500001 0.9622625296875 0.0957319109375 0.974132290625 0.0775307046875 0.9859951359375 0.07683913125 0.9861322921875001 0.07601988125 0.9899865546874999 0.07836025937499999 0.9904840171875 0.0981218015625 0.9845923609374999 0.1328859359375 0.96718428125 0.162534325 0.9428005140625
2 0.1699405203125 0.7510353609375 0.156445325 0.7086466859375 0.0672199890625 0.77586965625 0.0648421203125 0.7870566484375 0.09709700624999999 0.8187518468749999 0.0983224234375 0.8190123171874999 0.16878559843750002 0.7564688421875 0.1699405203125 0.7510353609375
1 0.209593621875 0.7220881828125 0.2217123921875 0.69586245625 0.207441528125 0.6811469109375 0.1818987640625 0.6969992125 0.178148621875 0.7049040671875 0.1746612875 0.7213106828125 0.1797561765625 0.7484642 0.18336782812500002 0.7492318812500001 0.2065521671875 0.7391197296875001 0.209593621875 0.7220881828125
2 0.509088353125 0.759816528125 0.4994748765625 0.7554485875 0.49613850312499996 0.7547394203125 0.446281353125 0.7998599203125 0.44608123906249997 0.8008013828125 0.498318271875 0.8178697859374999 0.5027350984375001 0.8188086125 0.5047950703125 0.8091172078125 0.509088353125 0.759816528125
1 0.47024940937500004 0.757816415625 0.4987310734375 0.742148584375 0.49930828906249997 0.7394329984375 0.46906137968749995 0.7420189374999999 0.4561040453125 0.7315519500000001 0.4302967515625 0.7130147906250001 0.4165601296875 0.7280398937499999 0.41347513437499994 0.728744746875 0.41255311875 0.7330824890625001 0.42217304375 0.763346846875 0.436348015625 0.7663598296874999 0.4475836203125 0.7665169953125 0.47024940937500004 0.757816415625
1 0.571643934375 0.8398452656250001 0.536704815625 0.8156459921874999 0.5213760953125 0.7828356984375 0.5141112156250001 0.7812915 0.50762200625 0.79685281875 0.50426358125 0.8126529609375 0.551916809375 0.8356521359375 0.571643934375 0.8398452656250001
0 0.585597978125 0.7784298125 0.58999625 0.7765114468750001 0.5891012874999999 0.7732700250000001 0.5773789 0.7707783546875 0.5445914890625 0.77322926875 0.544558065625 0.7733865140624999 0.553730453125 0.775336165625 0.585597978125 0.7784298125
0 0.5281081000000001 0.4796875 0.521875465625 0.48311605625 0.49673792812500006 0.5084870031250001 0.4813349953125 0.5293455125000001 0.4702873109375 0.5555174843749999 0.46267714375 0.575838534375 0.45694292187499996 0.597655259375 0.456613465625 0.62500853125 0.4565070890625 0.6513122859375 0.463498828125 0.6648646765625 0.4761334875 0.6467085499999999 0.47843019218750005 0.63074275 0.48362695 0.601133259375 0.502756371875 0.5679036578125001 0.5255717984375 0.5431360625 0.55535355625 0.5165584125 0.5822352578125 0.50362445 0.6103236640625 0.49533470937499996 0.634528390625 0.49499492343749996 0.6762858921875 0.5049676859375001 0.700896296875 0.5233619734375 0.718986534375 0.5414672875 0.7303335203125 0.5603331421875 0.739606884375 0.594115284375 0.741219265625 0.617493578125 0.7399061859375 0.6391531140625 0.7315608828125 0.6680933609374999 0.7176536265625 0.6870759203125 0.7045728046875 0.7073310765625 0.6813771078124999 0.728727046875 0.666263146875 0.7430653859375 0.6572231937499999 0.7597917296875 0.6635202812500001 0.7611302171875 0.662916928125 0.7588081062500001 0.6771385656250001 0.7486678250000001 0.7084414062500001 0.7355766734375 0.7154990343750001 0.7436584109375 0.7386947328125 0.722262440625 0.7663520531250001 0.6798761796875 0.7802339015624999 0.6455311703125 0.785876825 0.6138226515625 0.7803958421875 0.5621987625 0.761296575 0.5230372640625001 0.7449250968750001 0.5020064890625 0.722636803125 0.48300884999999993 0.7165700421875 0.4796875 0.5281081000000001 0.4796875