0 0 0.2592055078125 0.0091734078125 0.25893336875 0.03252810625 0.2541541828125 0.0664023234375 0.23894921875000003 0.0921123015625 0.217141834375 0.11624065624999999 0.1971180625 0.13303255 0.1674025515625 0.1386750484375 0.1553065734375 0.1541749296875 0.082385365625 0.152515084375 0.0699782296875 0.14909571875 0.0580249546875 0.149425771875 0.06915045 0.1402119484375 0.07882237812500001 0.13388545000000002 0.0859568453125 0.1278150671875 0.1086118234375 0.1226463984375 0.1237824703125 0.11308271406249999 0.13887918593749998 0.0964386890625 0.15980466875 0.077809053125 0.17578328593749998 0.0552623265625 0.19402344062500002 0.035676854687499995 0.205331115625 0.010464603125 0.2129236921875 0 0.21342536875 0 0.2592055078125
0 0.5540436062499999 0 0.549523903125 0.019291165625000002 0.547225175 0.04868824375 0.5491733515625 0.086072590625 0.55706976875 0.1185866359375 0.5658168546875 0.1446718984375 0.5856097531250001 0.16744534375 0.6125976796875 0.18127043125 0.6392739093750001 0.196115034375 0.66399553125 0.21370648124999997 0.68739563125 0.2248311671875 0.72490825 0.23280472031250002 0.7387318 0.235440840625 0.7652976078125 0.23241472343749997 0.7955453515625 0.22828466718749998 0.8172408578125001 0.2193103109375 0.875164771875 0.17570487968749998 0.8930679171874999 0.149963740625 0.9097396796874999 0.11685534375 0.9114475203125 0.1112692453125 0.9170139421875 0.091187259375 0.9209329171875 0.0727499296875 0.9210686421875 0.0292064640625 0.9157611546875 0 0.9037153874999999 0 0.905295378125 0.018810043749999998 0.9047824078125 0.038719792187500005 0.8986328921875 0.0624803265625 0.8855156234375 0.09079946562499999 0.8450078812499999 0.1430739828125 0.8176174062499999 0.1670293640625 0.78833075 0.1826013546875 0.7598103390625 0.1883743203125 0.733244534375 0.1914004359375 0.694899096875 0.18190667968750002 0.6672877765624999 0.17012062187500002 0.6343840359375 0.135535121875 0.6149352625 0.08611144375 0.609363571875 0.0387008 0.615774165625 0 0.5540436062499999 0
2 0.327726771875 0.9519497625 0.330868715625 0.9383701078125 0.33943450468749997 0.8980712375 0.333124590625 0.8902639390625 0.32246106406249997 0.8825061250000001 0.30690563593750003 0.9153153328125001 0.267746346875 0.904093246875 0.26555751562499996 0.908618228125 0.2631421734375 0.9199815140624998 0.3084618421875 0.947854875 0.327726771875 0.9519497625
1 0.405501325 0.9703892359375 0.40820537031250004 0.9653206687499999 0.416360934375 0.9269517562499999 0.40128699375 0.925748190625 0.39176997187499996 0.9263411203124999 0.39174182968750004 0.9182220093750001 0.336362234375 0.934092434375 0.330318384375 0.9674301390625001 0.32866780156250003 0.9713186703125001 0.332904434375 0.97221919375 0.405501325 0.9703892359375
1 0.299257984375 0.8959154187500001 0.2865706734375 0.8814788078125 0.28146143281249997 0.8469986109375001 0.27022769062499996 0.8230181265625 0.270286834375 0.7736101796874999 0.260827440625 0.7715995234374999 0.2533934109375 0.7993436968750001 0.25242762343749997 0.8038873687500001 0.250972271875 0.8454513 0.2676219296875 0.9056285328125 0.280537525 0.9083738265625 0.2998203953125 0.9115911437499999 0.30033642031249996 0.909163434375 0.299257984375 0.8959154187500001
0 0.338149665625 0.746296525 0.33843328906250003 0.74379525 0.33477761875 0.6997711843750001 0.3348515546875 0.695376171875 0.3277712109375 0.701204940625 0.3352159171875 0.735207215625 0.330229428125 0.7702933875 0.33369665625 0.7672462890625 0.338149665625 0.746296525
0 0.3838786328125 0.6677143375 0.38589876562500003 0.67359330625 0.4027145265625 0.666268453125 0.4110316921875 0.65277750625 0.421368990625 0.6451655296875 0.3948808953125 0.6569739546875 0.37822131875 0.66869166875 0.3735413359375 0.6753263140625 0.3766697390625 0.6759912765625 0.3838786328125 0.6677143375
0 0.74669813125 0.848713375 0.7386006453125 0.8431421296874999 0.734876303125 0.8324388078125 0.7347263671875 0.8185803437500001 0.7305628578125 0.8203476484374999 0.7275974515625 0.8191495468750001 0.72761735 0.813408465625 0.731800759375 0.8059000828125 0.7302430875000001 0.7983718 0.7266686796874999 0.8015269406249999 0.73032268125 0.77540748125 0.728575278125 0.76550289375 0.7317702171875 0.7575951421875 0.7322093796875 0.7451245140625 0.7314859312499999 0.7441657265625 0.7178666640625 0.7412708609375 0.7167534468750001 0.7492283265624999 0.717053321875 0.7769452546875 0.72010896875 0.809225059375 0.7259800828125 0.8288445 0.7391077 0.8528120640625 0.7462144359374999 0.8543226468749999 0.7468916234374999 0.8511367343749999 0.74669813125 0.848713375
2 0.918298284375 0.9771601859375 0.96483248125 0.9768726531249999 0.96602084375 0.9839248312500001 0.97172146875 0.9865988531250001 0.9729176062499999 0.9826864640625 0.97572834375 0.9694629828124999 0.9732742968749999 0.9638462359375 0.9709819968750001 0.9531121203125 0.9716638140625001 0.9399428515625001 0.9592023656249999 0.94059224375 0.9553775796874999 0.9494561796875001 0.9477280046875001 0.96718405 0.9143992812499999 0.9763314281250001 0.918298284375 0.9771601859375
1 1 0.9223345250000001 0.9802095765625001 0.8998154296875001 0.97491325625 0.896544453125 0.969107575 0.8953104171875002 0.9636592953124999 0.89979561875 0.9722816421874999 0.9252837968750001 0.99530098125 0.971185221875 1 0.9785641734375 1 0.9223345250000001
1 0.8475353468750001 0.9184679499999999 0.8378630093750001 0.9229515234375001 0.8325180640625 0.9327145734375 0.8309010140625 0.94544984375 0.8334551703125002 0.9590717296874999 0.8595252015625 0.9646130859375 0.8885674531250001 0.966426546875 0.9132168468749999 0.9683961890624999 0.9137910937499999 0.955439265625 0.9226422843750001 0.9496912375000001 0.934752815625 0.9337368500000001 0.9312465734375 0.929721828125 0.9247681109375 0.929434703125 0.9153829 0.9274398156250001 0.9064409968749999 0.9233593250000001 0.8951263671875 0.9253139874999998 0.8958568 0.9167499218749999 0.8923505578125 0.9127349015625 0.88773604375 0.9139338875 0.8475353468750001 0.9184679499999999