0 0.36875 0.3090623 0.3244158640625 0.2980085578125 0.3089815125 0.29797149218749996 0.2754283671875 0.30265965 0.2590796578125 0.307483753125 0.28479279218750003 0.3138947578125 0.29522514843750003 0.31444149375 0.31287439375 0.30569654687500003 0.31935949375 0.3049619828125 0.3159765578125 0.30800799375 0.32449233125 0.30952871875 0.33232969375 0.30349285625 0.335600321875 0.3025898265625 0.338702484375 0.304901271875 0.33949320312500003 0.31031488125 0.3557901875 0.306871234375 0.364305959375 0.3083919609375 0.3672396609375 0.3139178796875 0.36875 0.3137242703125 0.36875 0.3090623
1 0.7026787484374999 0.0402641796875 0.6982771265625 0.0811540578125 0.7048665359375 0.0827969828125 0.7472403875 0.0872903890625 0.752157659375 0.0675682890625 0.7543280453125 0.05014564375 0.7026787484374999 0.0402641796875
0 0.5653916406249999 0.183949153125 0.57617493125 0.19403026875 0.5786882796875 0.1946569171875 0.5797423359375 0.19072312656249998 0.5805686546875 0.187408940625 0.5716844562500001 0.1811920609375 0.5653916406249999 0.183949153125
3 0.529562134375 0.2580940828125 0.5495334671875 0.2537560109375 0.5508369140625 0.248528175 0.5509007015625 0.247311046875 0.5466451 0.24625000625000001 0.5170653171875 0.254978275 0.529562134375 0.2580940828125
1 0.12926938906250002 0.7155569796875 0.13295539375 0.7240189859375 0.144748540625 0.7407858125 0.1298830703125 0.7694370875000001 0.13919691875 0.7823861265625001 0.169914978125 0.79303823125 0.194749271875 0.799230115625 0.2159686734375 0.8030921953125001 0.1929452421875 0.7927137546875 0.2223316515625 0.798960028125 0.22294387656249998 0.798362375 0.2236520390625 0.79552209375 0.1953991359375 0.7811690953125 0.1898371828125 0.77121140625 0.17998587500000002 0.7504696046875 0.1905469125 0.7472297625 0.1866378265625 0.73981726875 0.16399466875 0.732810453125 0.1324179328125 0.7162262234375 0.12926938906250002 0.7155569796875
1 0.2163583890625 0.764986309375 0.2187088921875 0.7645053171875 0.20923246562500003 0.770852603125 0.20347401718749997 0.7883878203125001 0.20623589999999997 0.7891278625 0.22897855625000002 0.7883624796875 0.2410087828125 0.7849210984375 0.251596025 0.7744282046875 0.25353340156250004 0.772554934375 0.254855365625 0.7672528234375 0.2533366546875 0.7637864921874999 0.2436024578125 0.7545133546875 0.22861184843750001 0.7482750109375 0.22100492656249998 0.7517907968750001 0.1909492953125 0.743737415625 0.18956077968750001 0.7489194218749999 0.2120839015625 0.756065284375 0.2163583890625 0.764986309375
0 0.06858989062500001 0.559375 0.067566459375 0.5670774562500001 0.067749815625 0.5871211890625 0.0758523265625 0.6315030828125 0.1003339625 0.6769413156249999 0.10635395156250001 0.6837913265625 0.1111146609375 0.6849783046875 0.11193597968749999 0.681684171875 0.10414739218749999 0.6668550062499999 0.1055359078125 0.6616730015625001 0.09815221562500001 0.6519188671875 0.08608745625 0.626469896875 0.079983334375 0.587066715625 0.07972557031250001 0.571446290625 0.0766163671875 0.5706131812499999 0.07979998125 0.567022984375 0.0801300484375 0.559375 0.06858989062500001 0.559375
0 0.36875 0.7010767578125 0.36786716875000003 0.7022615953125 0.364203459375 0.710665059375 0.367193315625 0.7151194875 0.3639226875 0.7160225140625001 0.3604835984375 0.7201400140625001 0.35591686093749997 0.72527285 0.345936515625 0.7311964078125 0.3457119 0.73548236875 0.33573155312499997 0.741405925 0.32462356406250004 0.74834481875 0.3129389890625 0.753012434375 0.3226828765625 0.7554418578125001 0.3320116921875 0.7508808796875 0.354396134375 0.7337886234375001 0.36875 0.7202469765625 0.36875 0.7010767578125
0 0.2532290109375 0.7523633640625 0.2695535296875 0.747053884375 0.2699016203125 0.7456577734375001 0.26901039843749996 0.7452804734375 0.26042927968749996 0.7431409609374999 0.2509494484375 0.744516334375 0.25029564375 0.749841153125 0.24058020937500002 0.749729265625 0.237646840625 0.74720705625 0.23419042656250003 0.7489447 0.2344638609375 0.751160059375 0.24171640781249998 0.752968321875 0.2532290109375 0.7523633640625
2 0.42702111875000004 0.6666249234375 0.46074614531249997 0.7239811671874999 0.4632336640625 0.7246013765625 0.47864503437499994 0.7153321140625 0.4807351671875 0.7069490453125 0.4823714984375 0.648772846875 0.42702111875000004 0.6666249234375
1 0.4933648546875 0.6564282375 0.4857161109375 0.6565544531249999 0.52432071875 0.6824498859375 0.53436210625 0.7246220171875 0.5355924625 0.7249287796875 0.5530615875 0.6945875499999999 0.556282840625 0.6816678140625 0.4938070578125 0.656538490625 0.4933648546875 0.6564282375
1 0.4476890875 0.736150496875 0.45181721875 0.7195934687500001 0.43703548437500006 0.68585545625 0.43622851718749994 0.68565425625 0.413837078125 0.692617975 0.36935030156250004 0.7301796328125001 0.37151179375 0.7307185546875 0.40184138437500005 0.7249497015624999 0.43589379843750004 0.7429605109375 0.4476890875 0.736150496875
0 0.5037238187499999 0.7282553703125 0.52114753125 0.7325995890625 0.54619224375 0.735056375 0.5479491890625 0.72800965625 0.5377688390625 0.7254714109375 0.504467771875 0.7275855109375 0.5037238187499999 0.7282553703125
0 0.6570373187499999 1 0.67371400625 0.9663445765625 0.6811937640625001 0.9363449015625 0.6854900046875001 0.901354834375 0.6779408828125 0.857187153125 0.66990646875 0.8345802703124999 0.65680875625 0.809189653125 0.6487932187500001 0.7952332390625 0.63629405 0.8001846484375001 0.605633875 0.776961709375 0.6037016171875 0.774116975 0.5891328609375 0.770484575 0.5888559796875 0.772739603125 0.6031494140625 0.79719601875 0.61342564375 0.8103489906250001 0.6380141828125 0.8566088484375 0.6423306625 0.8830833046875 0.6439752953125 0.9049056234374999 0.6380532953125 0.9355280484375001 0.626133796875 0.9621710140624999 0.6068903140625 0.986833690625 0.5885093359375 1 0.6570373187499999 1
0 0.46416783749999996 1 0.45652553749999997 0.9964777125000002 0.435861196875 0.9798872031249999 0.42184815625 0.9619513312500001 0.40768548125 0.936429953125 0.3963254140625 0.9144957484375 0.388683284375 0.8886939734375 0.3854506421875 0.8710007484375 0.3863470953125 0.8548955328125001 0.38922383906249997 0.83146633125 0.3860100734375 0.822423578125 0.3810586640625 0.809924409375 0.385561165625 0.79966705625 0.37786377187500003 0.8095321265625 0.3709698203125 0.8216578859375 0.36875 0.827629196875 0.36875 0.9510763671875001 0.37874544062500004 0.9696312125000001 0.3945149984375 0.99967396875 0.3948279390625 1 0.46416783749999996 1