1 0.3146564765625 0.5195023328125 0.31376624375 0.513167996875 0.3140644390625 0.5115488171875 0.31354126875 0.50945049375 0.30398511093749997 0.504853465625 0.2971714203125 0.5176533953125 0.271792865625 0.5116211203125001 0.273329453125 0.5225545046875 0.274307734375 0.5264781796875 0.295284746875 0.5306237546875 0.30241766718749996 0.5288453171875 0.3146564765625 0.5195023328125
1 0.5762641953125 0.258517990625 0.56762718125 0.2596842375 0.566320396875 0.2472622484375 0.5640489765625001 0.24782857656249999 0.5391221515625 0.2751369421875 0.530663078125 0.30623781875 0.5379019656249999 0.312319775 0.542265425 0.31123184375 0.5514843171875 0.29794096406250004 0.5620591625 0.2762593140625 0.57666885 0.260140975 0.5762641953125 0.258517990625
0 0.5796875 0.30612883125 0.5707306562500001 0.301047128125 0.548891459375 0.29119752656250003 0.51981056875 0.2834422515625 0.49780587656249997 0.28007535625 0.47745039843750003 0.28078298125 0.451473346875 0.28233816875 0.44826567031250003 0.2831379328125 0.4177193109375 0.292407365625 0.3941795453125 0.301098540625 0.3805864 0.3116215328125 0.3689563328125 0.3207920578125 0.361994271875 0.332536265625 0.340548834375 0.34846912812499997 0.32727269375 0.377005909375 0.327664821875 0.37857865 0.3396072453125 0.3647500875 0.3465693078125 0.35300588125 0.3650130671875 0.331035425 0.3832913375 0.31554767968749997 0.402311465625 0.3053385484375 0.4183127984375 0.29663025625 0.4344625046875 0.2889776859375 0.45029834687500003 0.2867521046875 0.4724685296875 0.2836362890625 0.498399365625 0.28429824843749996 0.5280908625 0.28873798125 0.5528004859375 0.2960310234375 0.57147251875 0.30632574218749997 0.5796875 0.3119240984375 0.5796875 0.30612883125
0 0.313483578125 0.471486003125 0.3132284453125 0.4660559390625 0.31219957656249997 0.4575225828125 0.3142739984375 0.44821548906249997 0.3155746828125 0.43580510468749994 0.3173967546875 0.4166723140625 0.3148120671875 0.4151192765625 0.3135141640625 0.42313402812499995 0.3101362765625 0.4492471390625 0.3106381984375 0.47329417031250004 0.3142461921875 0.49217183125 0.31708045 0.5079462 0.326373640625 0.531998790625 0.33566961093750003 0.55165575 0.352461728125 0.5749373859375 0.35608084375 0.576232509375 0.3395494203125 0.5495896703125001 0.327150159375 0.53070645 0.324313121875 0.5193277140625 0.3199230484375 0.510533665625 0.319412784375 0.4996735359375 0.3145068859375 0.48881062656249996 0.31321732343750003 0.48363847499999996 0.3124435859375 0.480535184375 0.313483578125 0.471486003125
0 0.7678392421875 0.4074686734375 0.7661038046875 0.40242859375 0.7686477734375 0.3868947796875 0.7756373890624999 0.3777228984375 0.7840153531249999 0.3725830796875 0.8055307687500001 0.3663022546875 0.82912870625 0.366069525 0.861204353125 0.37081037656250004 0.8692684765625 0.36803367656249997 0.8733667765625001 0.361987359375 0.87249386875 0.3584863171875 0.8529407453125 0.3533602734375 0.8219057328125 0.353069578125 0.7612930875 0.3681820078125 0.7235011734375 0.3900371984375 0.697078671875 0.4115379984375 0.6752374156250001 0.44761011249999993 0.6769191640625001 0.44719080624999996 0.6955759640625 0.430095859375 0.713686996875 0.42047714999999997 0.7395483125 0.4104448546875 0.7678392421875 0.4074686734375
2 0.6442267687500001 0.5796875 0.6416493265625001 0.5693499421875 0.6054163890625001 0.49205534999999995 0.6037624015625 0.4924677359375 0.5796875 0.520064246875 0.5796875 0.5452495359375 0.5939151375 0.5796875 0.6442267687500001 0.5796875
1 0.628741575 0.4377681015625 0.6070165109375 0.444051084375 0.596390809375 0.47568853750000006 0.627379734375 0.506242053125 0.6297224625 0.5056579453125 0.6462198031249999 0.464965896875 0.6458216359375 0.4633689375 0.628741575 0.4377681015625
2 0.7024592843749999 0.8443328375 0.6765725171875 0.7927521000000001 0.6736898859375 0.793470821875 0.6275375750000001 0.8280208984375002 0.6282233515625 0.8307714031250001 0.6920769609375 0.870641509375 0.6948019203125 0.8699621015625001 0.7060014046875 0.8585395078125 0.7024592843749999 0.8443328375
1 0.6446841359375 0.885037453125 0.67393485625 0.8944888499999999 0.679209353125 0.8931737703125 0.6787660234375 0.8913956734375 0.64927224375 0.85640168125 0.6277297875000001 0.8486635234375001 0.606013328125 0.8824079250000001 0.6067918203125 0.8855302859374999 0.6134404484375 0.9001942203125001 0.6285173125 0.90022845625 0.6446841359375 0.885037453125
1 0.682076071875 0.78841501875 0.6831031546874999 0.792534425 0.7375690953125 0.7872858578124999 0.7637380874999999 0.8059260671875 0.7562429625 0.775864759375 0.723670978125 0.7796685625 0.682076071875 0.78841501875
0 0.733058759375 0.8378789265625001 0.7588304140625001 0.83145333125 0.758761753125 0.8311779484375 0.7284186109374999 0.8309841765625 0.7248225093749999 0.8318807859374999 0.72580869375 0.83889785625 0.733058759375 0.8378789265625001
0 0.9944848187499999 1 0.9935792890624999 0.9782673078125 0.9889171093750001 0.9534023484375 0.9856643828125 0.940356378125 0.976521721875 0.9174997171874999 0.95946415 0.8897811671875001 0.9509353656249999 0.8791201890625 0.9360099921874999 0.863128715625 0.9306795015624999 0.8705914031249999 0.8965643640625001 0.8535338343750001 0.8859033828125 0.8439389515624999 0.8773745984375001 0.8428728515625 0.8827050890624999 0.8535338343750001 0.8944321671875001 0.8705914031249999 0.9189524234374999 0.8951116593750001 0.9381421890624999 0.9238963078125 0.9466709734375 0.9526809546875 0.9509353656249999 0.975069015625 0.9485980859375001 1 0.9944848187499999 1