0 0.134457625 0.1494495515625 0.115676003125 0.1702403328125 0.0992126953125 0.19238638749999998 0.08863252187500001 0.2173117125 0.08512513125 0.2278771484375 0.07551303125 0.27732711875 0.0855292640625 0.345510259375 0.11137075625 0.39409261562500003 0.1105821578125 0.359463403125 0.1037104515625 0.3443775328125 0.0964139703125 0.3224737125 0.09406067968750001 0.2993493328125 0.09491741718749999 0.276481259375 0.09861316718749999 0.262562184375 0.1075352875 0.2519678453125 0.1095247546875 0.2472809578125 0.13481426093749999 0.2137647875 0.1552143359375 0.1969798171875 0.1785681359375 0.183661178125 0.2056714453125 0.1719341109375 0.2353305890625 0.16461075 0.26808504375000003 0.16302636718750002 0.29390684375 0.1673494296875 0.3220281734375 0.17928622656249998 0.3505742765625 0.19804096875 0.36710294375 0.2216510703125 0.3831458859375 0.25943654843749997 0.386605025 0.2929867921875 0.377648834375 0.332329771875 0.358523078125 0.3695685765625 0.28496128125000003 0.44122686250000004 0.2486257859375 0.45124764375000004 0.194851128125 0.44501575625 0.17758043750000002 0.4387910578125 0.1707624921875 0.43921582968750006 0.19754855 0.45169211093749995 0.20032558749999999 0.4526436828125 0.2422264 0.46078837500000003 0.267912825 0.4605407828125 0.2866334953125 0.460743321875 0.32950375625 0.44575246875 0.35939231875 0.42746375781249996 0.38164026875 0.40371925312499995 0.399626103125 0.384803228125 0.41318135468749995 0.3606877125 0.4228455015625 0.332707971875 0.426797553125 0.31557887500000004 0.427600528125 0.277200153125 0.42147084687499997 0.24472887812500002 0.41658860625000005 0.224956115625 0.40460523750000005 0.20106282968750003 0.389553434375 0.17918589375 0.3686210640625 0.1581316234375 0.35226086875 0.14454949374999998 0.323033690625 0.12218683125 0.3029393375 0.11285544218750002 0.24666983281250002 0.101917759375 0.22241702968750002 0.10381560625 0.204377434375 0.10722098437500001 0.1701998765625 0.12258285 0.134457625 0.1494495515625
2 0.27900711562499997 0.47364829375 0.2625741703125 0.46298777187500006 0.24270597968750002 0.4899290234375 0.2392024875 0.50795293125 0.24421824218750002 0.5089278953124999 0.2750690078125 0.487500746875 0.3012190546875 0.5013729 0.30465419531250004 0.46611719375 0.27900711562499997 0.47364829375
1 0.321073590625 0.493623909375 0.3355867890625 0.49644499062499997 0.3510706734375 0.4865233296875 0.38558879375 0.453730459375 0.41841396093750005 0.401636646875 0.4187919640625 0.383282334375 0.4104725921875 0.37847810000000004 0.4143966859375 0.3573648328125 0.402952378125 0.3551402859375 0.3673637125 0.4278741765625 0.343649465625 0.449081309375 0.31495328749999996 0.47351926562499996 0.321073590625 0.493623909375
1 0.2506451828125 0.4687994046875 0.25094023125 0.4645800015625 0.16381255625 0.453604375 0.1620300296875 0.462774675 0.1676842 0.4956429296875 0.21669341250000002 0.5051693562499999 0.24345765937500002 0.50593878125 0.2506451828125 0.4687994046875
1 0.7816721515625 0.6509679312500001 0.7959353578125 0.638215659375 0.8286629328125 0.6288759500000001 0.8541110171875002 0.6225923734375 0.8561419562499999 0.612144096875 0.8486651171874999 0.6130283624999999 0.7982151953125 0.6015700984375 0.7817671734375 0.6012259671875 0.779521403125 0.60912288125 0.7540574890625 0.598314090625 0.7538869625 0.599191378125 0.772527796875 0.6360236515625 0.7663848265625 0.6456801921875 0.7730965921875 0.64852916875 0.7816721515625 0.6509679312500001
1 0.0532028703125 0.7856657484375 0.055251209375 0.7751279546875 0.010336015625 0.768760703125 0.004943943750000001 0.7814636296875 0.0043166859375 0.78331003125 0.0018130625 0.7961900562500001 0.0194004265625 0.8150254578125 0.0227761328125 0.815681628125 0.0487324609375 0.8008372484375 0.0532028703125 0.7856657484375
1 0.377571675 0.8857174499999999 0.376567771875 0.890882084375 0.3765326328125 0.8913845890625 0.3929335796875 0.9019586515625001 0.39642474375000003 0.9026372640625 0.4200857828125 0.884801509375 0.41727559843749995 0.8780388531250001 0.41448839531250004 0.8774970765625 0.3943343734375 0.8881048781249999 0.3867048234375 0.88042565 0.37959387968749997 0.8799284046875 0.377571675 0.8857174499999999
2 0.817198634375 0.9517955328125 0.8277686062499999 0.9538501265624999 0.8304153156249999 0.942857640625 0.8323779015625 0.9304154296875 0.8353925765625 0.9128884375 0.8327220328125 0.9139674078125001 0.819908809375 0.9206975203125 0.8100224296875 0.9231386453124999 0.8073787687499999 0.9319729328124999 0.7716759124999999 0.92821463125 0.76985564375 0.9375791078125 0.7698698343749999 0.9378068921875 0.7754985031249999 0.94019611875 0.8114383406249999 0.9458651281249999 0.817198634375 0.9517955328125
1 0.8894346484375 0.9021046359374999 0.8996189328125 0.8923549703125 0.9027380062500001 0.876308725 0.87797200625 0.8802806249999999 0.8233708765625 0.892755765625 0.813239584375 0.8904744250000001 0.81009995 0.8943164453125 0.8048977624999999 0.9210793796875001 0.8205534578125 0.9381219406250001 0.8213326625 0.9382734015625 0.8517825625000001 0.9265847796875001 0.8894346484375 0.9021046359374999
1 0.7281080953125001 0.8926038609375 0.6952344640625 0.9141308484374999 0.69183886875 0.9336094890625001 0.6952473890624999 0.9436799656249999 0.706477734375 0.94430674375 0.698684271875 0.94945135625 0.7149918796875 0.952621234375 0.7522035875 0.9406720609375 0.7702380453125001 0.931890678125 0.7761124421875 0.8960568406249999 0.758186775 0.89257244375 0.7505332453125 0.8928397109375 0.7426758812500001 0.9012657000000001 0.7382851921875 0.8922484703125001 0.7281080953125001 0.8926038609375
0 0.5947639625 0.792420453125 0.592306053125 0.7983734796874999 0.58651645625 0.8081767984375 0.5818847765624999 0.8160194515624999 0.579121371875 0.8117429484375001 0.5757896828125 0.815593240625 0.57406348125 0.8256807 0.5697159453125 0.82945995625 0.56586565 0.8261282671875 0.56130500625 0.832955071875 0.5504361640625 0.842403215625 0.5453569171875 0.842048040625 0.5423093703124999 0.841834934375 0.5394904015625 0.8452500359374999 0.5391853515625 0.8468193890625001 0.54925614375 0.848776953125 0.5701635125 0.8376577859375001 0.5942880734375 0.813824325 0.6087017125 0.79747834375 0.6212967578125 0.7779427421875 0.6225257125 0.774966228125 0.6234224640625 0.77279430625 0.6234452546875 0.7724683999999999 0.6107427125 0.769999275 0.608516928125 0.7709241890625 0.6051142046875 0.77579033125 0.601498375 0.7837040203125001 0.5947639625 0.792420453125
0 0.87516095 0.7390625 0.8766282921874999 0.7454372953124999 0.8759353296875 0.7650130015625 0.874825665625 0.7813955406249999 0.8719391562500001 0.8015822531250001 0.8768810828125 0.7921689703125 0.8803505125000001 0.7689833953125 0.8797933734375001 0.7398281859375 0.8796934531249999 0.7390625 0.87516095 0.7390625