1 0.0864358171875 0.13454201875 0.1189539140625 0.11128036875 0.156420484375 0.104404840625 0.15602990156250002 0.10256728749999999 0.1511512109375 0.09492843281249999 0.11443854375 0.09679203125 0.0978199140625 0.10951152812500001 0.08039143125 0.12999196875000002 0.0810115109375 0.1329092140625 0.0836314 0.1350307578125 0.084630521875 0.134925746875 0.0864358171875 0.13454201875
1 0.8380919046875001 0.3213661546875 0.8540367921875 0.3084432375 0.872852546875 0.296426225 0.8722019671875 0.293365484375 0.8680599734375001 0.29001136562499996 0.8334776046875 0.2836708390625 0.7961200546875 0.2567077265625 0.794155009375 0.257125409375 0.8096948125000001 0.2851729828125 0.821321003125 0.3198620296875 0.8324497609374999 0.3225654296875 0.8380919046875001 0.3213661546875
0 0.22205632187500002 0.8619506421875001 0.223872540625 0.8697399750000001 0.222417778125 0.8748805171875 0.21945789062499999 0.8751916156250001 0.2161869078125 0.8725428234375 0.21249815 0.8849008640625 0.2064213375 0.8935197875 0.197749078125 0.8964263359375 0.19700848124999998 0.8984003171874999 0.19828635156250002 0.9044122265624999 0.201898790625 0.9036443796875 0.22137781093750003 0.8839675734375 0.2316618734375 0.8679237546875 0.2426748078125 0.8398329921875 0.24885042968749999 0.8191434828125 0.2457252921875 0.804440865625 0.2419015359375 0.80400325625 0.2372794890625 0.8074816359374999 0.2344736578125 0.81874935 0.23530325 0.8266423812499999 0.231199696875 0.8350539062500001 0.22776869687499998 0.8593551921875001 0.22538064218749998 0.8556160734375 0.22205632187500002 0.8619506421875001
0 0.4813023828125 0.688241878125 0.46838276562500003 0.6656323578125 0.45261291875 0.6486998078124999 0.446523428125 0.6439088078124999 0.44402479687499996 0.6464683609375 0.45426301249999995 0.6564628828125001 0.45535524374999997 0.6663729890625 0.4793616140625 0.6886544015625 0.4813023828125 0.688241878125
0 0.49681898437500005 0.73261238125 0.5023880484375 0.7588127625000001 0.5038083875 0.7798096234375 0.5063070187500001 0.77725006875 0.505032015625 0.7521654109375 0.4988441671875 0.7230538734375 0.494634521875 0.7127921671874999 0.49366413593749997 0.7129984281249999 0.4899888609375 0.7147938593750001 0.49681898437500005 0.73261238125
2 0.46168766093749997 0.9013418328124999 0.4588609234375 0.8928146328125 0.447361646875 0.8912019734375001 0.4469256328125 0.9034653718750001 0.4439300640625 0.9132301406250001 0.4395515890625 0.9212604031249999 0.44243925156249997 0.9348457859374999 0.4490256796875 0.9324315703125 0.45069926406249994 0.925990478125 0.500371646875 0.9306456890625 0.467341140625 0.91839623125 0.46168766093749997 0.9013418328124999
1 0.509375 0.8614610515625 0.47599973437500004 0.878015171875 0.4662723984375 0.8942819546875 0.468335015625 0.9039858015625001 0.46666143125000004 0.9104268921875001 0.46728021562500005 0.9133380468750001 0.471222678125 0.9175711859375 0.496429184375 0.9264125499999999 0.507394090625 0.9159680734375 0.509375 0.91318986875 0.509375 0.8614610515625
1 0.365146146875 0.914762778125 0.358620640625 0.9222351765625 0.35777210312499996 0.9325578078125 0.3612176265625 0.9439961593749999 0.36854468906250004 0.954609465625 0.3928043015625 0.9494529265625001 0.41817963750000003 0.9400023265625 0.439879696875 0.9323471546875 0.4354637875 0.9211150640625 0.44081265 0.9128785421875001 0.44506927812499997 0.8947319109375 0.4405689546875 0.8926458046875 0.43495290937500003 0.894853759375 0.42621944999999994 0.8967101140625001 0.41707346406249995 0.8966256968749999 0.4081946671875 0.9025698515624999 0.4055741890625 0.8950130375 0.401073865625 0.8929269312500001 0.39760485156250003 0.8956927453125001 0.365146146875 0.914762778125
0 0.509375 0.5455363796875 0.526861015625 0.547837134375 0.5569250375 0.558642671875 0.582470709375 0.5739132171875 0.604380965625 0.5925584453124999 0.6223447 0.6116184703125 0.6365693234375 0.6330665468750001 0.6505835640625 0.6714947140625 0.6511020593750001 0.6764278578125 0.656396659375 0.6888392375000001 0.6558751875000001 0.7028594390625 0.6501598328125 0.7244082359374999 0.6413808921874999 0.7452815 0.628344340625 0.7636096765625 0.6176454828125 0.7757069781249999 0.60704734375 0.8077442593749999 0.6449599921875 0.769843525 0.6768017890625 0.7026550203124999 0.6789884046875 0.6665141890624999 0.6788108687500001 0.659060984375 0.6650182156250001 0.59417165 0.6552205093750001 0.5732496031250001 0.6295741171875 0.5380390796875 0.602108528125 0.5139925734374999 0.586272103125 0.5056817671875 0.5602582953125 0.4954480640625 0.54385004375 0.4911874734375 0.5167962671875 0.4900408265625 0.509375 0.49107182031249996 0.509375 0.5455363796875
2 0.509375 0.884448896875 0.5159873312500001 0.8914857843749999 0.5276319453125 0.88901064375 0.509375 0.8487772781249999 0.509375 0.884448896875
1 0.5095557890625 0.8421415109374999 0.531307221875 0.8872152124999999 0.6015265078125 0.8692469625000001 0.5979217046875 0.8284298890624999 0.5095557890625 0.8421415109374999