1 0.34717477343750003 0.076010378125 0.3477955453125 0.07992977968750001 0.3381704765625 0.120626996875 0.35013471875 0.1232247984375 0.357074359375 0.1228611078125 0.3603943203125 0.089128065625 0.3597873734375 0.07754681249999999 0.34717477343750003 0.076010378125
1 0.8705784031250001 0.056622140625 0.847102246875 0.0224172609375 0.8230295234374999 0.0449912046875 0.8232648906250001 0.049482271875 0.8255637890624999 0.0639969453125 0.8630553093749999 0.074114503125 0.8658664453124999 0.073967178125 0.870993909375 0.06455046406250001 0.8705784031250001 0.056622140625
0 0.8105490218749999 0.12909555625 0.813888790625 0.116999428125 0.8163416968749999 0.1069366265625 0.81665743125 0.09400555625 0.8121192765625 0.10219078906250001 0.8091429531250001 0.121221846875 0.8003262453125 0.1425458359375 0.7931794234374999 0.15782175781250002 0.7643886640625001 0.196087340625 0.742381284375 0.212142071875 0.720218140625 0.22522469374999998 0.6889829015625001 0.2358024875 0.6543601859375 0.23861041093750002 0.6424717390625 0.23923345937499998 0.6214073546875 0.235370271875 0.607277896875 0.23114364062499998 0.5900724859375 0.2250913625 0.5728151546875 0.21804838124999998 0.5522741890625 0.2052169390625 0.5324643234375 0.18738005625 0.521882315625 0.1750201109375 0.5122390921875 0.1616175421875 0.5056199015625 0.149049915625 0.500043334375 0.1374210703125 0.495976678125 0.1356473453125 0.49931223437499994 0.1424265109375 0.5104653671875 0.1656842 0.525477475 0.186752796875 0.5473206687500001 0.2054765421875 0.56791355625 0.2192986890625 0.6035227625 0.2353141375 0.6275592609375 0.23902156406250002 0.6495624281250001 0.2418421265625 0.6673431781250001 0.2399168515625 0.6950309671875 0.23747237187499998 0.7155761453125 0.2314285203125 0.7407114 0.2181901375 0.7589117265625 0.20531519843749998 0.7701771265625 0.19280370625 0.7814425265625 0.1802922109375 0.7898396562500001 0.1699178875 0.7989678859375 0.154538121875 0.8043409828125 0.14332885625 0.8105490218749999 0.12909555625
1 0.684237065625 0.24002490625 0.67146175625 0.24268128125000002 0.6656213734375 0.24497421406250003 0.6769864015625 0.2533194203125 0.6743258125 0.25941940625000004 0.7106703328125 0.2515541203125 0.732521953125 0.232527278125 0.74775016875 0.2198081 0.744674215625 0.2179824546875 0.7118210125 0.23559901718749998 0.69899378125 0.2372646890625 0.684237065625 0.24002490625
0 0.48201983437500007 0.0588916484375 0.48362937187500005 0.0896034671875 0.48607806406250004 0.0984159625 0.4863376671875 0.10336948125 0.48727644999999997 0.10232685625 0.4873845046875 0.0854329703125 0.4890543890625 0.07938490625 0.4881717375 0.0625429390625 0.487704453125 0.053626603125000005 0.488383634375 0.0476304609375 0.48974199375000005 0.035638171875 0.48619454375000004 0.0437714859375 0.48201983437500007 0.0588916484375
0 0.5003352703124999 0 0.49892635781249994 0.0023738171874999998 0.4962138484375 0.0074830984375 0.4910484359375 0.02265518125 0.48770866562500004 0.034751309375 0.49167148281250006 0.0345436265625 0.492298740625 0.027556779687499998 0.4948554890625 0.0194753859375 0.49835101875000004 0.010351368750000001 0.49897827812499995 0.0033645218749999996 0.5027598703125 0 0.5003352703124999 0
1 0.4579306734375 0 0.4534058984375 0.00575286875 0.4547081265625 0.0116451703125 0.466233128125 0.004087196875 0.486981778125 0.020881454687500002 0.49360518124999997 0.0145737875 0.4795269703125 0 0.4579306734375 0
1 0.3467611078125 0.9528355859375001 0.34671715625 0.9519969374999999 0.34031453125 0.9290373781250001 0.3361653625 0.9292548265625001 0.29791105 0.9462319062500001 0.297984003125 0.9476239124999999 0.3038305390625 0.972479715625 0.3297379546875 0.9794034109374999 0.3325745890625 0.9792547500000002 0.3467611078125 0.9528355859375001
0 0 0.8296947578125 0.006884071875 0.8196428390625 0.021121584375 0.8069755828125 0.0411994765625 0.792015396875 0.07519914531250001 0.7773190249999999 0.09663118750000001 0.7692418453125001 0.1193654578125 0.7670569671875 0.140222159375 0.7669573390625001 0.1592012953125 0.768942959375 0.1804214421875 0.7757782578125 0.2057082453125 0.7843872828125 0.2170732734375 0.7927324921875 0.2377700015625 0.808536046875 0.2462148390625 0.8180277203124999 0.2557023015625 0.8284581781250001 0.2685772390625 0.8466585046875 0.2782204625 0.8600610734374999 0.28775563125 0.89035753125 0.2905158484375 0.9051142468750001 0.29369564375 0.9089213015625 0.2932283578125 0.9000049656249999 0.2857265171875 0.8705953734375 0.2648782390625 0.8329444109375 0.229169403125 0.796072259375 0.2014858265625 0.7796414453125 0.18527112031249998 0.7735372484375 0.16410289375 0.767692653125 0.14017023906249998 0.765966634375 0.1182709109375 0.7651274812500001 0.09459785937500001 0.7683549828125 0.07301005625 0.7734600515625 0.04678025625 0.7847689453125 0.028528009375000003 0.7966531796874999 0.015177359375 0.8072871062499999 0 0.8248819624999999 0 0.8296947578125
1 0.14924655 0.7495961671875 0.1553465328125 0.7522567546875 0.13871225 0.7571022218750001 0.158002909375 0.7650320640625 0.1861060625 0.7705132156250001 0.20847267500000002 0.78026870625 0.211289025 0.7771408328125 0.19476279531250001 0.7650924109374999 0.1841288671875 0.7517417625 0.15315744375 0.7483977796875 0.14924655 0.7495961671875
1 0.9395713562499999 0.6064616828125 0.9378367234375 0.5830439234375 0.96676663125 0.5754485875 0.9676974328124999 0.564886434375 0.9676129265625001 0.56327395625 0.9309199687499999 0.57108184375 0.9128566734374999 0.5458187578125 0.9058133140625 0.5469343171875 0.9060675781249999 0.5517859921875 0.9253025640625001 0.580006990625 0.9229837875000001 0.58439196875 0.9318497390625 0.6068663562500001 0.9395713562499999 0.6064616828125