0 0.439901246875 0 0.44775600937500004 0.0046008078125 0.449050946875 0.0145238796875 0.4466356421875 0.0269495390625 0.46901347031249996 0.0334485390625 0.48808360781250004 0.0403791859375 0.50925378125 0.0530910171875 0.5279795578125 0.0728498734375 0.539921146875 0.0882370703125 0.541235940625 0.0885165390625 0.541341565625 0.0880196140625 0.5393697468750001 0.07506389999999999 0.5191186640625001 0.041038810937499996 0.4887432328125 0.00934413125 0.473811259375 0 0.439901246875 0
0 0.3365678421875 0.2862866 0.3690729484375 0.30572125 0.37561119375 0.3088970609375 0.40430276562499995 0.3149956421875 0.3847226015625 0.30193303125000004 0.3786526125 0.293305946875 0.378276 0.287637890625 0.371101496875 0.26534228125000003 0.36475618593750003 0.26438970156249997 0.33094720781250003 0.24896795156249998 0.3144936875 0.234748778125 0.3006985484375 0.21917509218750003 0.290839759375 0.1998261265625 0.2876919421875 0.1991570375 0.2871653453125 0.20163448593750002 0.28722937656249997 0.2025981828125 0.2951064609375 0.2295586234375 0.3365678421875 0.2862866
2 0.2902022328125 0.0896493234375 0.251088875 0.0904167328125 0.2163001515625 0.16678372187499999 0.215639615625 0.1698913015625 0.2513770671875 0.19463288750000002 0.2575615046875 0.1959474296875 0.28761252656249997 0.101832934375 0.2902022328125 0.0896493234375
1 0.29776941875 0.0151582359375 0.29139937968749996 0.02382684375 0.27744044687499997 0.013825984375 0.2525094625 0.0415235671875 0.2515705375 0.0459408609375 0.26293110625 0.0884650859375 0.2676547734375 0.08946913281249999 0.288928140625 0.07155831875 0.29776941875 0.0151582359375
0 1 0.1628109265625 0.9801328046875 0.193637115625 0.9768194687499999 0.20348553749999998 0.9626960140625 0.2699311734375 0.9662471984375 0.303770571875 0.9807170968750001 0.33989569999999997 0.9861154765624999 0.3514581390625 0.9864483765625 0.35152890000000003 0.9789614203125 0.3212863078125 0.9805716234374999 0.3130025328125 0.9778677578125 0.3103277625 0.9780399375 0.3039136578125 0.9827856515625001 0.30161234375 0.9775791984375001 0.2952273328125 0.9738665640625002 0.25904401250000003 0.9790706265625001 0.226743115625 0.9870076515624999 0.20249562031249999 0.998281459375 0.1831951140625 1 0.1812359375 1 0.1628109265625
0 0.8520866734375 0.054909942187500005 0.859083921875 0.053856071875 0.86959901875 0.05409483281250001 0.8697873656249999 0.053208734375 0.8683882640625 0.049115275 0.8687142296874999 0.04811205 0.8477224890624999 0.0512736578125 0.8338784125 0.056812453124999995 0.8336128859375 0.0580616625 0.835343396875 0.05903317500000001 0.8391494828124999 0.0598421828125 0.8531152203125 0.058571546875000005 0.8520866734375 0.054909942187500005
0 0.7694919 0.0819168125 0.776151646875 0.0944487265625 0.7748756875 0.099566321875 0.7789725140625 0.1049363546875 0.7800042859375 0.118239346875 0.7784758875 0.1287297234375 0.777965503125 0.1307767625 0.7802787375 0.14766069531249998 0.7808001265625 0.1630107234375 0.779535171875 0.185525384375 0.779540675 0.19422391562500002 0.7729029328125 0.21648613593750002 0.76907230625 0.22748965000000002 0.757053525 0.23645162968750003 0.75731146875 0.23977737656250003 0.761915928125 0.23875110624999998 0.7562962046875 0.2525699859375 0.7450745453125001 0.271469978125 0.7450999125 0.2714753703125 0.75425741875 0.2651074015625 0.7754741093749999 0.236695815625 0.7818566578125 0.21545711562499997 0.7920698359375 0.1832149 0.7922975156250001 0.1386987140625 0.784095609375 0.11491084843749999 0.775890953125 0.0867737125 0.76538681875 0.0634989796875 0.7592429546874999 0.057618560937499994 0.757877834375 0.05534661875 0.7574001625 0.05524508593750001 0.7543736625 0.05706359062500001 0.7537808734375 0.0594411421875 0.7602719765625 0.06657228750000001 0.7694919 0.0819168125
1 0.8791887718750001 0.049183910937500006 0.8891676328125 0.0476587015625 0.9017195984375 0.0407088703125 0.91038820625 0.0470789109375 0.9115592953125 0.044567503125000005 0.9124378296875 0.0404343203125 0.9012686500000001 0.0242039796875 0.8998024078124999 0.022356359375000003 0.884923703125 0.0154183046875 0.870266078125 0.01230273125 0.878329296875 0.030965693750000002 0.848146775 0.03477635 0.8474843125 0.0378929890625 0.848826640625 0.0393224953125 0.8677537953125001 0.0411649671875 0.8770945843749999 0.0487387765625 0.8791887718750001 0.049183910937500006
1 0.8654123984375 0 0.863132153125 0.0038811578125 0.899245196875 0.011557221874999999 0.8975554484374999 0.014433310937499999 0.908182534375 0.0253195140625 0.91946756875 0.0331103140625 0.9158687531249999 0.0398942890625 0.9110835999999999 0.0421124296875 0.9093938500000001 0.0449885171875 0.9300298765624999 0.049374839062499995 0.9498534156249999 0.052510045312499996 0.965484971875 0.060146309375 0.9748359624999999 0.05674183125 0.9674588171874999 0.050860096875000003 0.9511443343749999 0.031216071875 0.961063515625 0.014991346875 0.9574397234375001 0.0066721578125 0.9545333687499999 0 0.8654123984375 0
1 0.4821196171875 0.7127378375 0.4793852671875 0.7040854328125 0.4663433546875 0.6998478609375 0.4619031984375 0.6862046562499999 0.45973324375 0.6804498265625 0.4583459890625 0.68015495625 0.4544594 0.68104965625 0.45363869531249995 0.684910765625 0.4586941734375 0.7029081765624999 0.45691088437499994 0.7115498640625 0.460604996875 0.712335071875 0.4821196171875 0.7127378375
0 0.42406630312500004 0.6991966625 0.44305238124999996 0.6859775828125001 0.4704224265625 0.6637563890625 0.49585842812500003 0.6303399171875 0.504745809375 0.613895878125 0.508409403125 0.601733578125 0.5063458015625 0.6012949453124999 0.5003992875 0.6140504140624999 0.49201531875000004 0.6230525296875 0.48563017343750003 0.6378716 0.478871175 0.6493759515625 0.4768075734375 0.64893731875 0.46835882343749996 0.66331775625 0.46423161874999996 0.6624404921875 0.45731808437500004 0.6695983218749999 0.44289784374999996 0.6816310624999999 0.442020578125 0.6857582671875 0.4328889046875 0.68813094375 0.4289162359375 0.6916002 0.42309928281250003 0.6935990234375 0.402926865625 0.7022522640625001 0.3898225234375 0.7080941968750001 0.3790011 0.713342959375 0.39498153125 0.709190778125 0.42406630312500004 0.6991966625
1 0.8965367531249999 0.5714693843750001 0.864150959375 0.588815328125 0.8627544078125 0.5927058671875 0.8526757140625 0.64012239375 0.8544738093750001 0.640504590625 0.8743625921875001 0.6026208234375 0.9025774015625 0.57909114375 0.9109751656249999 0.563529971875 0.8965367531249999 0.5714693843750001