1 0.06234485468749999 0.21816230625 0.0268439859375 0.23901965937499997 0.026867329687500004 0.2393534875 0.036638684375 0.2559851125 0.0449927125 0.255400940625 0.080123190625 0.239369721875 0.080013971875 0.237807821875 0.06665974531249999 0.2178605796875 0.06234485468749999 0.21816230625
1 0.32946989374999996 0.2783672578125 0.3372712078125 0.2938491109375 0.3449559578125 0.293311740625 0.38058798125 0.27724963125 0.3792571734375 0.25821817812500003 0.3688570296875 0.24778358125 0.3654534828125 0.24802158125 0.32946989374999996 0.2783672578125
1 0.49297339375 0.071508765625 0.5209887515625 0.069549740625 0.522485875 0.068629834375 0.470242540625 0.0433382671875 0.46052954843750005 0.044017465625 0.45313824843749995 0.05622141093750001 0.49297339375 0.071508765625
0 0.660327621875 0.1117033578125 0.650695553125 0.10303060625 0.646361340625 0.098159115625 0.6367825687499999 0.090503296875 0.6261868640625 0.0829007765625 0.6198187796875001 0.0781358765625 0.605315221875 0.0737973375 0.5887245015625 0.06854845312499999 0.5721870765625 0.064316509375 0.5557562421875 0.0621184296875 0.540395634375 0.060883990624999995 0.5261585546875001 0.061630125 0.51197476875 0.0633931921875 0.49682734375000004 0.0662264890625 0.481786509375 0.0710936578125 0.4688328390625 0.0768711671875 0.4420151546875 0.0905133515625 0.43029160156249996 0.10030530468750001 0.4127329171875 0.1155016984375 0.40218618125 0.1282911578125 0.3861240875 0.1525866703125 0.3798049765625 0.1682137515625 0.3771272421875 0.175492178125 0.382105321875 0.1731918328125 0.390191825 0.15237348906249998 0.3976344625 0.13872697812499998 0.4024526578125 0.13337583125000002 0.4071642625 0.125990815625 0.41578371875000003 0.11534181406249999 0.4236527171875 0.10983077968749999 0.4314151234375 0.10228587656250002 0.44019446718750005 0.0946876796875 0.45405848281250005 0.08682300468750001 0.46599521718750003 0.0810987890625 0.47488115000000003 0.0755344625 0.483016625 0.0751081 0.4979508703125 0.0682070640625 0.5181829656250001 0.06510728906249999 0.5416257515625 0.06489843281249999 0.5672089953125 0.066616853125 0.59402235625 0.072349715625 0.61489399375 0.0814531546875 0.6328214234375 0.09275034843749999 0.647698046875 0.10420742812499999 0.65840034375 0.1138438171875 0.6628411468750001 0.120749175 0.6703860468749999 0.1285115859375 0.6747735593749999 0.1344000078125 0.6802845921875 0.142269009375 0.6868658562500001 0.15110164375 0.6903430203124999 0.1590772359375 0.694837121875 0.16699952812500002 0.6950503015625 0.1710672671875 0.6974572375 0.1780792171875 0.70216451875 0.190069246875 0.7036078140625001 0.1981514265625 0.7054300796875 0.20075336875 0.7057299390625 0.2007324015625 0.7048416984375 0.18802997187499998 0.703878615625 0.18386105156250002 0.6978879234375001 0.16683964375 0.6956408749999999 0.1628784953125 0.6912000703125 0.1559731359375 0.6810883453125001 0.13814797343750002 0.6744004921875 0.1272814671875 0.660327621875 0.1117033578125
0 0.7217289421874999 0.2221953953125 0.722862734375 0.23026275312500002 0.724917084375 0.2338496453125 0.72527345 0.23382472656250003 0.7233785484374999 0.20672636562500002 0.72163626875 0.19958499375 0.717275071875 0.1866406453125 0.717812809375 0.194330665625 0.7181858390625 0.19698490468750002 0.7181009953124999 0.1984519203125 0.7187382921875 0.2075656796875 0.7217452921875 0.214994734375 0.7217289421874999 0.2221953953125
0 0.723299034375 0.2408816265625 0.7265140875 0.251566671875 0.7254173374999999 0.235882425 0.723299034375 0.2408816265625
0 0.7205302312499999 0.27680420781250004 0.7252046265625001 0.2560610109375 0.7241177421875 0.255116196875 0.7212122625 0.257361 0.7197488453124999 0.2656298640625 0.7168220109375001 0.2821675953125 0.7158771953125 0.2832544796875 0.7171771859375 0.28724684218749996 0.7144848125000001 0.2925391921875 0.7115083015625 0.293768146875 0.7119345109374999 0.29986324375 0.70910006875 0.30312389687499997 0.7073525109375 0.307329365625 0.70088088125 0.3169692546875 0.6954961359375 0.327553959375 0.69004035625 0.3371228125 0.6854583546875 0.344588934375 0.679718434375 0.3500943921875 0.69141138125 0.342131025 0.7013070921875 0.32306435 0.7086525 0.3113217265625 0.716587546875 0.293412971875 0.7205302312499999 0.27680420781250004
0 0.6290963578125 0.385279546875 0.613268978125 0.3925112046875 0.5931650968750001 0.396979453125 0.579227346875 0.40203734375 0.587354140625 0.40146906250000003 0.6013629265625 0.3974270234375 0.6193640734375 0.39208499375 0.6362073031250001 0.3847823015625 0.6469554328125 0.37790581875 0.65465601875 0.3712424421875 0.646742328125 0.374858271875 0.6290963578125 0.385279546875
0 0.550570459375 0.400978778125 0.5446174328125 0.4034366875 0.5425857359374999 0.4035787578125 0.547807053125 0.40525528125 0.5538311125 0.40381322031250005 0.550570459375 0.400978778125
1 0.7426230953124999 0.3007797390625 0.7634800453125 0.27788413125 0.7551401453125 0.27540486249999996 0.747652665625 0.2851157890625 0.7293887359375 0.27210149375000003 0.7203171265625 0.273756659375 0.724003990625 0.2826861984375 0.7271225734375 0.2834889421875 0.739078303125 0.2938818984375 0.7426230953124999 0.3007797390625
1 0.87485295 0.7829718531250001 0.8811927640625001 0.7964199531249999 0.89445011875 0.795492909375 0.89578366875 0.795209453125 0.8961699 0.795098078125 0.9043743531249999 0.7798201265625 0.91811225625 0.77690004375 0.9173499875000001 0.765999103125 0.906602340625 0.7658125124999999 0.8955204203125 0.7577572484375 0.9000148249999999 0.7495143734375 0.8831681671875 0.7437255203124999 0.8372856625 0.718594290625 0.838535953125 0.7364742812499999 0.8400000593750001 0.741449303125 0.87485295 0.7829718531250001