0 0.2383267890625 0 0.22613149531249999 0.0146009875 0.209174653125 0.0454845265625 0.194980240625 0.0863731765625 0.1949895328125 0.1280062125 0.195275484375 0.1397173796875 0.195691665625 0.139739190625 0.2023420875 0.0922369609375 0.21222803437499999 0.07084319375 0.23786835625 0.04151033125 0.2625925171875 0.02965895 0.258622971875 0.0217817609375 0.261724321875 0.0044148015625 0.2614059265625 0 0.2383267890625 0
0 0 0.248716846875 0.01597656875 0.25549226406250003 0.042934153125 0.2569050515625 0.095338196875 0.25705835625 0.1332224796875 0.24401965312499999 0.160589678125 0.2279652203125 0.1768039109375 0.21135031875000002 0.17707843437499998 0.20611209062500002 0.17293138125000002 0.20874048437499998 0.15940616093749999 0.20827674218749997 0.121359703125 0.23378895625 0.10933475468750001 0.236031775 0.090241825 0.24307698125 0.0728113421875 0.2403552359375 0.059448293750000006 0.2274179765625 0.0549474765625 0.21929829218750002 0.0179679125 0.22918186875000002 0 0.22868649843750002 0 0.248716846875
2 0.3205477421875 0.2152322296875 0.275402296875 0.1487555953125 0.233972696875 0.1654365828125 0.23349198124999998 0.17460918593750002 0.3026555109375 0.26269325 0.3042675921875 0.2627777359375 0.3048146203125 0.26271056875 0.319422209375 0.23670868750000001 0.3205477421875 0.2152322296875
1 0.2154324453125 0.2890625 0.25037742343749997 0.27038845624999996 0.25044735937499996 0.2690539828125 0.23107025937499998 0.230818834375 0.212854053125 0.2282587140625 0.21040205625000002 0.228130209375 0.20709978437499998 0.2362887578125 0.184230321875 0.24964732656250002 0.2043964515625 0.2890625 0.2154324453125 0.2890625
0 0.496871834375 0 0.487217228125 0.0188027765625 0.4755218765625 0.04698989375 0.4718850078125 0.080728934375 0.47149847187500005 0.11492477968749999 0.48460520625000003 0.1631702671875 0.5116444484375 0.2144786828125 0.5595385328125 0.25104055000000003 0.599965640625 0.269980340625 0.6394085374999999 0.275523678125 0.730282846875 0.28028619843749997 0.7560811843749999 0.2676143765625 0.773076621875 0.2567448 0.808268075 0.2186017125 0.8303234953124999 0.1874512328125 0.8486542140625 0.1513579 0.85478080625 0.10087141562499999 0.8552911125 0.0911341765625 0.85028819375 0.053256407812499997 0.8407890296874999 0.026509975 0.8282964578125 0 0.78705650625 0 0.8000280875 0.0649751625 0.7957821453125 0.10304798125 0.7739316921875 0.156324153125 0.756819121875 0.18374992968749998 0.7254695046874999 0.21027966718750002 0.7015165984375 0.22348596718749997 0.65806169375 0.233951440625 0.617974253125 0.22831751875 0.58018840625 0.21416831093750002 0.5567743015625 0.192095321875 0.530549103125 0.15857881875 0.5095185890625 0.0959615875 0.5045054703125 0.068740778125 0.501963778125 0.03965761875 0.5074629984375 0.008390003125 0.5114918421875 0 0.496871834375 0
1 0.231200925 0.5456999343750001 0.265432253125 0.5651184234375 0.2705189796875 0.5653850078125 0.28542508125 0.5353945812500001 0.2388444265625 0.5252842375 0.231200925 0.5456999343750001
3 0.03997395 0.349898896875 0.06195461249999999 0.3510508546875 0.07981940937500001 0.3488573328125 0.079901159375 0.3472974609375 0.0698363484375 0.3467699859375 0.040003565625 0.3496589515625 0.03997395 0.349898896875
0 0.0967621421875 0.4201547453125 0.10874008125000001 0.4207824828125 0.09568215937499999 0.41429054374999996 0.0967621421875 0.4201547453125
1 0.4968028875 0.567837434375 0.5056008859375 0.5672029234375 0.52190870625 0.579010090625 0.5237243125 0.5791052421874999 0.52515303125 0.5704187953125001 0.50853045625 0.5531137421875 0.5331400953125 0.543447546875 0.5301486203125 0.5378128015625 0.4798321046874999 0.53627141875 0.4865068265625 0.5552463140625 0.4916262265625 0.562088171875 0.4968028875 0.567837434375
1 0.5357189531250001 0.534805290625 0.5702859375 0.5333353828125 0.59551935625 0.54853823125 0.6036390421875 0.5440374140625 0.6056813859375 0.542905325 0.6058299515625001 0.540070534375 0.5662564578125 0.50372536875 0.54433275 0.48491883125 0.5339626531249999 0.485359803125 0.5271562249999999 0.48227715625 0.5019782078125 0.48095763125 0.5250852390625 0.49647244375 0.5083897109375 0.5110341937499999 0.47607434375 0.51274225 0.47603223281249996 0.51354575625 0.5200827234375 0.5417035046875001 0.5355031046875001 0.5499943015625 0.541438409375 0.5503053578125 0.5357189531250001 0.534805290625
0 0.4880715765625 0.5898369718750001 0.4976924234375 0.596371840625 0.49826588125000004 0.5965467546875 0.504281046875 0.5968619953125 0.5045486640625001 0.591755540625 0.49622572343750004 0.5844265375 0.4890434234375 0.5797968703125 0.478469975 0.5744812765624999 0.47717192500000005 0.576741403125 0.4770352203125 0.579349871875 0.4857856140625 0.58019688125 0.4906627046875 0.58400728125 0.4880715765625 0.5898369718750001
0 0.4328906109375 0.7578220531250001 0.4358188421875 0.7527093671875 0.4327207765625 0.7511691203125 0.43329471562500005 0.7313625859374999 0.43544403750000005 0.72393074375 0.43605310937499997 0.7195969671875 0.43848940000000003 0.702261859375 0.4420267015625 0.692815396875 0.43984224687499995 0.6847744828125 0.441974 0.6696062625 0.446442478125 0.6613955125000001 0.4495229765625 0.655199384375 0.454448259375 0.643738303125 0.468023528125 0.6257589859375 0.4734231828125 0.6187839484375 0.46815823125 0.6169391640624999 0.4616751328125 0.62376193125 0.45195926718749996 0.637864275 0.4397895453125 0.6615653484375 0.42733285312499997 0.6951696875 0.42305177812499994 0.71776975 0.42141196406250003 0.74516039375 0.4279653296875 0.7692831359375 0.4323693765625 0.8008377218749999 0.45488743593750003 0.8371477546874999 0.46134559218749993 0.8433902859375 0.4631923765625 0.843487071875 0.46320866718750003 0.843176234375 0.45766340000000005 0.8331185125000001 0.4512798671875 0.815648703125 0.44831650312499993 0.8052886328125 0.45094019531249996 0.8023428359375 0.43915701093750004 0.7918480640625 0.4363459140625 0.7804045484375 0.4328906109375 0.7578220531250001
0 0.7790976953125 0.74566644375 0.7823182125 0.7469308156250001 0.7831817625 0.7513584484375 0.7807102765625 0.7567068890625 0.7837636578125 0.7820655578125 0.790200046875 0.7637777875 0.7945085109375001 0.744282903125 0.7957682375 0.72024586875 0.79478551875 0.69718690625 0.7894324312500001 0.6738989015625 0.7847711140625 0.6583163046875 0.77895994375 0.6437690390624999 0.7701000375 0.624679625 0.749679696875 0.59621960625 0.7276514203125 0.5775356593750001 0.700217440625 0.5574728171875 0.672382640625 0.5450581234375 0.6562227937499999 0.5398288484375 0.6442042765625 0.539198984375 0.6387413140625 0.5389126828125 0.6417327890625 0.5445474265625 0.6578926359375 0.5497767015624999 0.660941371875 0.5543188515624999 0.6718100359375001 0.5559840484375 0.6890052140625 0.5623631765624999 0.7166109734375 0.579148240625 0.734497921875 0.5932327749999999 0.7405381343749999 0.6034096703125 0.7458865765625 0.6058811562499999 0.7423797578125 0.6100797468750001 0.7455430140624999 0.6124367109375 0.7623946296875 0.6253713937500001 0.775395865625 0.649060221875 0.7836259078125 0.680168153125 0.7845513656249999 0.704319709375 0.7838688875 0.7382473375 0.7804765890625001 0.7402607406249999 0.7790976953125 0.74566644375